9845
5051
5831
5712
7237
5860
3039
1181
6474
5696
595
3227
326
1635
3313
722
9960
4839
6737
7933
1529
4234
2907
6851
9330
7403
3846
2612
1381
8296
660
6473
2449
3994
4534
1384
2776
9644
6428
6408
5688
8657
9813
5885
8192
3837
8278
5337
5454
9668
9552
6561
2127
5893
213
2793
9088
9817
6603
6824
4914
7523
5618
5788
8594
7882
1802
5028
5227
5595
8236
4057
6552
1604
9231
1016
5498
5777
9353
8854
6464
2657
7955
1524
803
6373
7112
2807
1078
2392
1591
4606
6846
7275
5577
4597
7337
1398
8630
9441
8106
3763
8438
4648
3922
1155
3494
3574
2589
1560
9191
9944
6928
6110
3781
7474
8813
6319
7374
2662
8253
1402
9831
1903
3595
4166
5341
443
4424
3805
5172
5223
3124
4988
8635
2940
9746
8269
8675
7650
3499
5691
4390
9545
9922
6417
7279
2038
4116
1278
5182
1771
5142
385
5769
1025
5682
5012
897
6037
1086
2419
9473
8207
5517
3603
9360
9924
2315
3834
1136
34
8324
113
5666
7192
807
6856
9454
126
6874
8337
3519
3335
9439
5876
4194
9599
2946
8466
6976
8245
5638
8695
3783
2072
2847
6921
9956
5684
8831
3750
3671
6222
764
4362
1038
3184
6293
4233
9227
8913
8943
5611
1644
9425
1032
5768
3504
8562
6798
9218
6584
960
8343
9175
3079
9481
8937
3569
9155
2689
5415
274
6080
8525
6813
79
745
7821
1535
3082
8225
3151
3313
7463
4461
1740
2008
7898
3656
3685
2504
5301
4713
2111
4052
5415
5285
655
7194
8666
4865
5520
4491
3708
7785
8740
7291
1585
5598
2044
1134
7974
4529
8147
8704
7179
7944
3058
5562
7058
973
6723
181
3443
1603
962
8068
7923
162
4498
8690
1017
8948
2483
7799
1838
9523
2165
4663
3509
9629
7070
2821
8620
7379
1131
3783
2463
535
2411
5052
7007
4430
5373
4077
9433
1322
5006
5049
9077
5336
5687
7429
2617
9944
657
6188
3853
1774
8634
8804
8296
7113
3396
1276
2763
2126
6806
4289
4291
8219
1914
9546
5058
6280
6181
6251
3352
431
2002
2403
5015
5361
512
9389
8677
8957
8112
7511
2106
8452
168
9596
3317
7337
8808
8721
1126
4344
6210
7864
5759
8581
4579
3943
2993
9480
1040
9306
1047
3898
2567
7078
2337
4402
5419
7586
62
4006
2622
3189
52
279
827
5419
6500
6030
2594
6974
7736
4616
3889
6877
351
7541
3558
2333
8606
5747
1092
6023
5920
723
6493
448
3417
4406
7409
423
2449
5721
5251
5281
1728
8642
4250
8451
4050
3052
2124
340
4328
6786
5803
7681
4865
209
4158
2635
1468
1101
978
4052
6111
2379
6246
1231
2130
3738
8712
3023
3835
5596
1291
5377
9025
7651
763
4967
9306
9195
8021
1443
152
8097
5317
9988
3748
4242
3621
5098
2069
1809
8330
8365
2562
9167
7141
8254
1196
8144
9235
948
366
2100
4928
5517
6389
7517
3347
8010
3190
2008
3903
7492
3814
7016
7750
1357
736
5319
6426
7358
3491
1111
7483
3161
4801
1820
8461
926
1441
7109
7226
9705
9332
9164
8159
3876
4810
9300
6041
4305
1375
6264
7608
9582
6338
8619
8903
1005
9852
950
9758
1033
4630
198
6818
2549
5570
793
2205
2829
9287
4756
5024
4097
9609
8063
2935
6874
4493
7756
8382
7658
8952
640
1715
5411
8103
6246
7561
6233
9776
5424
5827
6097
1235
8475
9945
9837
7758
9263
6279
729
1884
7854
6341
8785
8844
5726
4067
5735
2654
5286
7879
9452
557
2514
731
66
589
279
1817
7170
1172
3052
6541
8632
1464
1473
6175
4369
735
5995
2504
6785
5199
8924
8437
6636
1606
2670
5222
2809
5044
7615
4986
2896
1938
3982
3423
1433
5849
9537
2804
3897
6111
4898
4155
4070
3748
6161
196
3447
870
3410
7603
1616
2882
1148
5685
3460
7420
9973
1239
6860
5434
7816
1250
4816
3084
1006
2509
8057
5182
5006
5702
2631
2260
5099
4185
1684
7682
3923
1686
7821
9553
5552
4550
9548
2297
2377
8821
7502
9261
1496
4174
6819
8289
9498
4773
8723
58
7020
8348
8892
1307
9350
9091
1051
7362
7424
9248
2071
616
7751
6438
7330
1678
715
6838
9306
7814
9836
9049
7472
5078
8599
4071
2127
4070
8865
1393
8347
4404
7348
3691
2464
9699
2557
2839
2372
5438
3373
7583
4990
4480
3203
7080
6189
3654
4293
7386
8403
6409
2055
8005
5268
7397
384
8836
6462
3088
4848
9344
4666
2211
3260
1
6104
9664
3058
8519
3507
2537
5502
2180
9293
9381
1455
2704
7452
3465
3765
7185
1838
7695
2089
69
7569
2213
2780
6589
9114
5448
339
1609
2602
812
5114
401
9124
4074
6458
9352
75
8642
3845
5864
3158
3025
1531
7298
2762
2641
4633
2347
348
1393
414
2387
4213
1570
6782
752
4846
8636
9575
3112
5103
3318
4088
4225
5065
7025
5569
3324
5821
2661
8347
5030
3769
2279
9923
3023
3037
2747
9105
6493
7811
9988
1453
2755
3930
5997
5316
4136
4834
8232
3169
6123
1042
897
2813
6648
4624
1174
1016
8900
1646
5488
7655
6922
5928
5063
6837
2725
5588
6904
3128
8021
5168
3326
2951
2888
6591
6957
2702
731
747
5308
1462
7390
1985
1061
8136
6999
3951
8175
8705
4082
7346
7980
4312
475
4531
5705
8374
9711
2746
4013
4164
871
9872
7543
5113
9439
3072
9040
5879
115
6653
3309
2815
3725
3960
3932
1878
5261
87
3521
5545
1574
9774
2953
3274
9768
7018
3754
1854
3355
202
760
2970
4731
6616
5730
8150
8083
722
5426
1018
8282
1093
6015
3383
4155
7752
4498
1204
2253
5856
666
4452
1931
5757
9344
1222
1939
5934
6421
9800
8556
557
2330
1109
5245
2999
8586
1870
4396
6134
8953
6908
9960
1534
1833
783
8416
2513
2836
3032
726
6269
4494
3536
8043
3107
8277
5199
9796
7588
4502
5256
5093
3387
1143
2967
5896
8920
9881
6036
8909
2144
1588
1085
8678
6558
6518
4360
7481
9066
330
3838
5951
7965
5719
8376
2644
228
5096
2962
5388
934
4828
8795
9827
9342
988
1769
8299
2739
2864
6561
3253
8656
9475
2503
3854
2142
4582
7720
2567
8820
6182
4184
9003
5882
6927
6895
1160
5836
1051
9532
9141
1664
550
7683
2426
7566
4106
5376
350
4131
7502
7444
8205
5543
9341
8512
4413
2458
532
4112
8264
2643
5081
1860
2262
8228
8490
7611
7000
1296
8920
2031
7907
6665
3490
21
8285
5814
3555
3517
1930
142
1232
6962
2999
2210
4715
2467
3886
644
9197
8199
847
7207
4463
5589
2045
7927
5068
1638
2633
9932
9295
5638
4325
6571
3156
539
9260
7348
1388
5749
6640
1322
4811
5090
9600
1557
416
1371
9143
4149
7726
3812
8368
7083
1667
5095
8167
4765
3155
4383
1554
28
9075
5240
7339
3719
9954
7731
8200
282
7326
592
4247
1341
9329
1258
6160
5834
8790
6025
6315
4135
4222
436
9441
8198
2381
8873
9600
4209
8260
8015
646
1257
1910
9055
6960
7169
3268
8753
6866
7707
4995
3502
6565
4686
7300
9934
8697
779
5480
2314
6186
3456
4255
9786
6279
2770
8048
8186
2254
2832
2476
8095
1874
9754
1316
8858
9834
4774
8240
5719
4140
1215
6078
9169
6362
6870
5622
2660
798
7106
2699
4757
593
2691
2786
8459
6086
897
5817
281
9494
7965
33
883
4023
2113
1374
2658
3576
4357
3982
2698
4585
5445
8160
9306
556
2771
7823
4793
7036
349
9864
514
3471
3064
2539
587
4429
4574
9120
2839
2923
7304
3757
8066
981
2032
8027
2435
3622
894
8019
600
8117
2345
9163
4438
6883
2983
8845
4971
6175
1173
3159
3883
4461
2001
1016
2030
5183
9622
7716
1360
3395
3468
914
2729
3087
1444
6089
7790
2448
5638
6876
2898
9764
5095
4543
8413
7519
8305
226
2095
8109
3675
1466
1213
2304
8070
9906
1496
8528
4231
2406
7745
750
8725
4852
9277
825
3720
7472
1563
7503
2193
3433
351
9899
858
4100
2813
4201
8777
2881
687
7909
6185
7462
264
4059
2767
1943
3928
6551
8938
7394
7205
7830
931
5643
7603
5970
9761
5564
1837
3644
8718
9102
1490
1152
6716
4689
5383
7232
2881
2837
6364
5423
1565
9782
1211
5392
1302
4471
4604
6945
9605
7765
2183
5014
7734
9466
6331
8407
4525
2256
2718
521
4529
2861
2304
6118
1362
8050
5368
7646
8287
7668
1198
7439
7355
8053
4186
154
4284
2626
2868
4771
201
3258
4997
2192
8163
2119
1052
6846
7986
3530
1971
275
8236
595
2244
9439
3024
1615
8231
3676
6754
2439
8857
6947
8115
8721
8063
3756
5488
8148
4333
601
2795
9853
1988
4867
3739
9333
4097
2125
5415
6146
6283
538
6881
1637
9150
8928
5390
4526
1197
6125
7915
9441
5999
9202
4158
5267
1566
3485
38
9009
8774
6608
7430
301
7845
9767
1945
6331
9573
591
4650
8430
7527
6892
226
9964
9379
9342
8169
2115
9972
407
5296
8757
6265
307
7960
209
4241
2827
4794
5690
3987
1470
4003
3541
216
2417
7575
2652
8339
8642
1757
1495
6728
8021
2363
8472
3020
8515
8997
7372
8697
3309
642
832
6781
7672
7287
5833
3789
996
7671
6228
5431
9238
956
924
9240
6514
7780
5465
8128
2249
429
3660
1781
1749
2918
8459
8155
1892
3606
2921
394
478
6116
6946
1397
860
665
8920
4380
5121
2685
7405
7824
4709
1152
2264
1697
4175
4374
194
6538
2894
2278
5905
6403
4286
5617
5749
3713
4585
5558
3372
2254
7199
1011
8376
1563
9782
7168
1983
3974
3492
10
1157
6262
9323
2052
9262
8835
9417
2400
3825
7508
440
1350
532
1145
5886
3517
2356
1338
2153
5198
6709
2454
6890
9912
1844
7874
9014
3795
9464
9390
8682
6718
2673
5896
9051
5348
2716
5200
3202
5948
6243
4394
2719
9535
8871
3717
9365
5317
9369
2244
7618
9265
6777
7388
3608
4245
8826
5112
5670
7699
4520
3389
9091
1894
3494
4190
5134
2851
465
1690
1760
6887
9100
1524
355
9259
6197
5880
993
9780
4848
7490
8896
6129
6613
9503
155
9904
4967
2585
3438
117
9555
7537
2610
3193
7612
1659
4748
6496
2141
1207
7562
1876
2995
4650
1855
5180
645
5276
4463
3533
6367
7981
4104
8830
6512
77
6890
4391
2192
2370
3499
9381
8935
8536
9794
7433
4071
1412
8555
8945
6852
4774
4369
7121
1550
218
1363
8096
6884
9717
2741
136
7043
3452
6881
938
8666
4613
262
2072
5877
1059
1676
8536
1979
123
2294
6003
3529
5475
4280
9078
1116
5766
642
1712
3706
5692
7663
5026
9717
1036
179
8384
8707
3458
7758
3214
1864
2630
584
3699
7128
9785
9590
4604
397
6604
1217
158
7167
4456
7165
4977
4036
2195
4168
3445
5969
7125
9205
6080
4662
1523
8753
590
7790
6816
2613
5297
2191
5897
9144
1782
5668
6349
2235
2045
6335
9899
1892
2089
6672
6049
3408
5810
9135
8547
4585
2028
4153
2135
9273
1770
8192
2449
9882
4018
7875
9653
7970
5769
7450
681
5223
3436
6999
3860
6669
6887
6567
7076
8533
1524
9088
701
2610
2484
893
9428
9201
1526
2892
1931
5749
399
7212
7134
6855
1483
3853
4748
8727
6827
7278
7828
1845
4648
6023
8986
7191
2129
4393
8516
6256
2575
2090
1265
9597
3106
4982
192
5830
668
9131
3853
7036
801
3993
7447
53
5899
3128
9414
3306
7008
1085
7371
5758
630
7656
5577
7356
1125
9976
3888
9920
7726
8789
2474
3821
273
5574
3983
360
4022
7115
1992
3823
4978
2622
3921
6263
9787
3403
3800
1920
1380
3585
8476
1521
8241
3165
9071
9779
2895
6401
9416
7271
6834
5090
8788
1974
9230
1905
9775
3517
433
6760
3074
6347
2252
1765
561
4973
6604
9399
9998
4121
4104
8029
8011
4580
4007
5658
440
8587
9951
6027
8286
3582
4680
2812
4877
7124
5129
1905
5593
2028
6248
8608
2671
8627
5753
6820
740
2518
5333
3426
2394
5022
7535
7731
6269
7669
4687
37
4693
275
2741
6785
9112
3454
7983
5877
7578
5885
8787
8619
328
1106
9548
6661
7097
948
4581
6561
155
7442
8389
9644
4670
5360
5605
8760
7966
9051
8267
9640
3486
3823
1553
7622
9432
6631
8189
5512
4493
3273
4381
5267
4520
4976
5660
1008
9101
7277
8913
8426
7091
2080
2264
8603
7371
8505
6359
7042
2706
4776
857
5730
30
9245
8877
9543
4775
1474
8864
6566
6393
2904
5138
4377
7284
895
5395
9913
4495
5483
6650
8834
1272
9865
3586
5254
7170
4483
4399
7099
8647
5109
7798
2746
2553
5035
1260
8703
5524
8127
1589
8075
7470
719
594
5905
2095
56
6617
166
1682
1195
9755
3701
4172
529
8558
9856
6856
895
7378
1968
5917
3037
284
7977
8676
2130
9570
7268
1023
8306
7741
3378
8210
2801
1366
2645
4945
9976
8273
675
8659
6744
2857
3078
4930
565
2491
4622
4044
750
9939
7227
2386
5441
5082
8913
2860
672
2585
2854
8224
2636
4129
9440
7111
9032
4510
9428
2954
9069
6838
4648
1534
1040
8137
130
9828
1879
3401
8959
6770
9987
6529
3932
154
8387
8940
7461
1031
4864
6409
4326
1272
7742
7056
3755
4679
5045
358
3259
4744
3228
4448
8360
2099
7588
9221
2848
1860
6190
5346
327
7677
3733
1779
5492
8182
9715
4489
8435
8147
8073
420
62
3046
8633
4798
201
9379
8319
4865
3177
9596
8065
390
6969
4246
112
7304
6759
7084
1573
2278
7412
1993
2409
7316
6704
6292
6979
3222
2808
4921
5583
6003
9657
9642
8896
8816
597
1404
4810
8554
7333
9686
5892
7737
1362
15
2394
5595
4055
3458
4384
4338
4815
2437
7607
3865
4603
3526
767
5201
9049
553
9761
3832
1582
314
8357
3898
145
5053
8723
7061
9034
1081
7228
2035
5877
2062
9128
2908
5489
2279
6661
9590
4403
9589
9854
1079
9777
3815
413
6825
4872
2968
9654
4241
3023
2008
5531
7270
6268
5399
1998
8966
6215
6218
8169
2615
3751
9434
831
6297
9787
2464
6870
3709
3914
6803
8543
3660
3118
7204
4835
4640
6527
3932
9147
7032
1768
9854
6218
1812
2945
5532
6836
3552
2054
4710
1243
9698
242
74
9733
4337
1385
2484
2127
3696
1635
1983
920
2377
8869
2342
6431
8009
3587
6015
32
5943
1592
5444
2272
2135
9317
5783
425
7309
3219
210
4933
1249
3184
5775
3447
8297
1943
9709
2441
5305
2005
5403
5600
3134
1959
4470
9651
911
2213
6364
8022
1979
1989
3902
5143
4550
3811
5681
6789
8660
5618
1941
6796
6065
6480
8923
4382
9183
4364
9779
6290
9112
6435
9070
7978
4379
8302
2419
6028
4679
3701
6449
7500
7150
2483
2892
3632
7793
7980
267
754
5701
5844
3498
9043
796
1637
6457
2039
4409
1331
1034
4348
5182
1968
8492
9987
9641
3066
9673
4669
5724
9869
2111
6774
3725
4513
4207
6742
1460
9466
8989
2375
8870
6966
6599
9913
5534
864
9065
5922
1495
8282
2714
8310
816
4161
1973
6736
7767
5164
7941
2869
1557
7002
7725
5973
1190
3609
12
7930
9548
1877
7639
1777
4888
9271
5687
9258
128
357
1162
9008
7463
4330
882
514
770
2212
8444
9363
702
3939
9865
4729
6438
702
9814
2022
418
3713
4061
6047
561
8178
1279
2750
5966
7748
3671
4741
9579
7815
9745
1018
2315
9309
6806
546
5700
8495
586
7404
784
351
9232
1420
8271
69
6716
3277
593
3637
4092
1102
659
7255
8423
2946
762
729
761
1693
656
2476
214
5916
5524
3508
4146
1144
7602
2634
1499
4609
3230
6044
2299
6581
4879
4492
9067
4218
6695
6543
589
9976
3196
1849
7111
1543
8004
4029
2041
1876
1128
461
1782
101
107
3836
6905
2857
7580
2447
2612
2950
3946
2646
7853
3854
8778
4048
7169
3576
3478
757
451
4973
9749
3666
1943
6803
1935
7940
8236
4020
3400
5117
5484
5178
6589
1426
3691
6250
4336
9128
238
4720
9718
7567
3553
5521
4798
3105
7399
6047
2127
5925
9748
5177
5141
2266
2769
1558
2913
9217
7193
2293
9167
4342
954
6703
1459
3590
1389
599
7293
3671
4884
7285
6728
8974
8849
6171
2369
1767
3458
3657
1138
7809
1567
3450
6129
4696
9322
6863
6632
2576
9573
2430
9175
3487
8138
820
481
3299
6840
8386
6942
1568
2442
4434
7791
4832
5021
2885
5187
5921
1396
9216
2596
29
7400
6602
1637
1708
714
2535
5552
7467
3728
9799
2854
7470
5034
3857
857
3112
6757
8867
8006
8686
9696
7695
9227
8200
9594
8570
6970
3377
3832
4868
8816
6549
5936
6126
5166
468
3092
2248
8208
6268
679
5829
4168
2162
4157
5236
4307
7788
5991
4242
2104
8684
4431
3221
1304
2500
6867
7423
5854
9988
420
1734
5312
1962
2143
1890
6802
9890
6599
6518
5515
1881
4132
8779
8594
9841
1027
4261
2657
1105
3642
2347
1653
8668
3393
5124
9590
5977
2843
1519
9467
8912
9648
58
3666
1990
26
7305
8700
3315
5922
6603
264
6888
1844
5342
4287
8857
5230
4650
839
6701
9363
945
8876
1857
6807
2789
5758
1937
5242
3035
6872
6961
6114
7669
4280
2311
5051
8308
6633
3457
4653
6247
1636
2208
6218
7320
6949
9293
2221
5268
8739
8538
7150
9045
869
4500
8308
1979
1261
9162
5096
9702
5826
446
5212
6776
4394
6185
1667
2913
4788
2751
2905
4696
6262
5635
5759
371
6687
74
1837
715
5753
9415
342
9136
4681
9637
3541
9337
2265
7926
8945
2817
4875
4128
4695
1032
4645
9433
2007
6285
5229
282
871
8834
2953
1683
4310
3530
5066
4261
6278
2676
7255
3893
7499
5158
4374
3128
7578
2969
7528
9197
9094
8629
8540
9017
1605
6672
3957
8496
2010
8175
6446
311
8176
4123
9722
5365
9545
1418
4631
2438
4873
6690
3084
8500
1384
8769
2616
9345
1444
9969
4185
8833
5284
3687
5880
8386
5897
8214
9708
6101
1090
7167
864
4323
7001
9755
3545
5628
7261
8330
5549
6547
1010
2455
6332
999
3614
1332
1528
849
4025
6177
6700
8419
2719
3769
4966
3970
4039
7310
3516
9232
3201
3412
6112
4395
9083
8911
2202
702
1458
6127
8815
6340
5489
5355
7386
2969
1038
9028
234
8326
3278
4231
1571
9182
1259
1329
7017
4227
6544
1658
7017
6022
2149
7009
7795
7660
6895
715
4609
3455
8443
5213
4929
8005
9976
9700
7004
3187
6045
2792
33
2737
14
1302
7447
8324
5051
8047
6410
8910
8156
4113
8672
4183
7645
3497
6410
9800
7890
1982
4666
2042
3981
321
6962
6256
2478
6857
3428
3891
7834
9107
1289
2192
7143
3509
242
5563
18
9357
536
3908
6841
3198
4663
4012
1458
6132
3448
1339
4695
5232
9823
4654
9321
9935
3479
3681
257
773
2211
6339
9457
5439
2368
6983
7214
6837
9660
4267
6885
6361
4086
3061
7516
6804
3175
2446
5772
367
7220
162
9850
7816
1853
6757
5815
9265
4147
4602
8335
5137
1500
4645
7207
78
500
561
6191
5483
7461
3978
3770
6610
1763
4652
8862
4004
8856
7655
7501
5772
3435
7842
6599
3455
4977
135
5550
2314
8913
3348
1060
9054
361
2004
9132
3781
8830
1272
1903
5714
5327
1625
2951
3462
5659
6917
9731
831
5286
792
1910
6904
1530
4860
1225
5639
1475
2837
8533
7644
291
4122
7107
7566
327
4761
989
1928
1921
5552
5244
1769
7286
5159
9630
2674
865
5294
3039
2845
2756
7193
5675
5610
5911
2148
7213
2085
7549
5008
9121
1289
5502
2002
9535
5093
2237
2110
3847
8935
3805
9548
523
5025
5692
2364
50
507
5646
2897
2660
7585
1624
5488
3800
9095
967
3047
2920
2231
7521
9008
5703
4333
1366
9571
872
7383
8333
869
2481
2125
8737
7301
7848
7370
3357
3532
7033
7965
4734
6366
5246
2036
8118
1727
4602
4647
5824
8861
14
6719
4604
2706
2232
497
5640
3890
6881
7253
8639
1523
9127
2778
8539
6817
1622
3316
3414
2047
3502
5767
6907
6049
3268
1971
7632
1431
3366
7103
2560
3654
9275
6628
6741
9523
6066
3758
8884
7913
8562
4273
2351
8314
566
2423
5119
4700
5666
5126
8419
4235
1866
8340
2735
4693
2078
3428
3116
2893
9858
5010
5650
5470
4591
43
3198
4293
6878
7855
164
8549
3680
1627
7160
2279
6667
5009
5385
5739
6306
8022
3414
1809
5147
2944
8208
521
2944
4272
5406
2465
4413
5417
7108
1014
5203
4674
593
2647
9380
6212
5626
8536
6200
9745
7223
4379
1643
7938
3816
6474
5027
7548
1682
7845
5519
7989
2186
8566
3256
5357
537
3458
1483
5315
7436
29
7922
1637
2803
7042
4823
9646
4597
3103
3814
3017
7940
3581
87
1085
4933
3888
6864
4515
384
5018
7131
8328
6677
3258
9257
8913
7534
4331
3879
5193
6795
7413
9971
932
9502
4642
1449
9883
7483
3414
8515
8844
7530
201
5981
4417
7449
7360
6754
1802
3734
9172
3691
6081
8818
4326
6487
8890
518
5027
5977
2348
439
1506
8800
2010
5591
8601
655
4635
419
3454
5495
8306
1649
9543
698
2807
8083
8819
1855
4349
3537
4516
2685
1884
170
585
2519
4844
1006
9457
3723
1491
9733
3600
2949
670
8995
2665
3458
6002
2465
202
9487
1119
273
1977
6643
6883
9266
328
9722
950
9185
1026
2357
306
5670
2150
624
4784
3669
457
816
836
2017
5392
6079
8744
586
6707
7073
5827
3812
8053
8707
4314
1455
1411
4103
589
5516
4641
2173
7546
1243
3547
8072
9285
5162
2137
3901
8118
3297
8966
9267
7652
9290
240
2420
6462
8483
5837
405
9538
299
4173
6316
5770
7042
231
2927
1151
9346
9841
3246
5722
7048
2920
2324
2072
2975
5276
3708
1905
9037
342
8492
6089
2719
1217
4399
2706
5554
4406
4994
6164
676
8091
530
8376
600
1154
687
5395
1204
8308
5112
1867
6077
7329
5651
1032
5698
6210
260
5424
972
97
980
4020
8096
5774
4464
4074
6242
1616
4034
5213
1397
8262
6845
6740
2033
2614
6932
6005
5874
3691
1313
2517
2550
6975
4074
4139
9314
7634
5107
2306
8650
1499
1455
8765
7259
3957
4994
2859
9116
3521
9230
7040
474
4315
3063
3329
4853
7601
6690
7987
4056
2174
1222
5459
7770
1277
2162
9555
532
1399
7725
7981
1837
9788
3769
4314
7595
9049
1237
5228
4219
3037
4834
8838
2085
2494
6243
9841
8384
5406
9333
8462
9773
8255
8968
3643
6191
1421
8793
3152
2747
7654
1443
5354
886
3603
9036
9642
7063
2535
7073
3540
2741
7652
906
6211
6192
3395
8457
3588
7521
6109
2622
2728
7487
2752
3417
1825
9013
5019
6661
6237
9638
4945
8508
6434
3346
8422
5805
1851
3847
84
5738
3096
3756
5968
5019
5299
6983
7567
990
7157
9065
8983
8677
6717
3723
9795
8515
4751
761
6255
4916
7232
7279
5585
8942
1200
3242
967
4180
977
5237
2887
2490
231
8075
4906
4897
5724
8154
7887
2701
397
7033
9725
1433
7941
7990
4074
5325
5655
597
2725
4910
3758
5773
9515
5334
1963
3553
7042
8062
8164
9966
5709
1352
8122
3086
7009
2112
3288
651
124
497
2985
9523
9752
3761
1396
4449
1930
5493
4177
5567
7911
5475
2721
5185
5532
8325
1290
7534
1634
4832
5917
7039
6421
3621
8766
1079
2739
3392
3811
5031
3714
7019
5978
497
5386
637
929
8234
4283
2246
744
1332
7999
6848
9751
2181
5104
5431
1831
4209
9933
4099
7956
4488
411
7774
9841
4786
3210
382
5671
7317
8709
3431
3819
7375
8433
8262
6176
421
2728
7198
8043
8766
3415
5356
773
1311
2810
2304
1197
1315
6159
4483
3562
3848
9552
7380
2870
526
4127
195
139
3467
1644
5942
9117
6210
5385
2444
462
4235
6076
6001
2802
6914
7056
5383
7587
8624
9375
6797
4450
4149
9537
8298
9772
5778
2791
6827
899
2576
9712
3321
3477
3464
6483
5855
6128
4986
5911
4792
3773
7174
1484
6403
3678
2253
8961
8887
521
4202
9000
5327
8460
6302
3504
3136
7250
5790
5822
6463
2784
7000
1047
9803
6467
5714
1062
5376
5173
7335
2926
1514
7013
8201
8458
350
2434
6224
3222
1686
5870
5091
2931
1050
5504
1114
7170
1544
1671
8611
8285
3668
8101
1673
2536
2353
5299
899
7967
8845
7134
5946
1439
3017
8948
372
6476
2442
5400
3683
9248
8997
2190
6321
5623
6953
4656
7509
3473
9623
12
4093
9142
8494
3609
7281
7227
9283
9946
1603
6222
4459
6058
704
3085
8808
6840
9894
9604
9743
6518
5908
7066
7810
9865
3361
2000
8565
6316
627
4578
1823
2708
1135
2858
17
3249
9481
1871
9969
5193
1484
4828
731
8215
2985
2117
6434
7449
2364
2484
3386
2645
2670
6363
3438
1314
4853
7617
1196
2379
5614
3568
7469
2934
2728
3828
1423
7930
7774
1930
7373
500
1358
6263
8310
8912
1752
5002
2625
683
3811
2462
1760
4274
9297
7994
4821
4291
3063
9345
9145
279
5311
5
8267
7240
5947
7169
9577
7977
2768
631
9165
9454
72
7403
5160
9607
3685
9565
9759
4177
4426
3156
4933
7643
4633
4255
2061
6453
5976
8186
6475
7537
3448
4390
8326
1982
5333
2457
8179
1619
5199
6167
5313
6290
1727
9168
2017
5496
9583
6617
6702
428
9681
2538
9898
1934
1504
6992
3942
7182
6469
735
2938
5430
2925
5200
1256
2252
8489
9282
6892
5641
429
6740
2003
9706
8118
7579
6354
443
4024
4499
5175
294
5148
9223
9544
7886
7711
6389
278
5158
548
2293
8753
4461
6633
3684
5140
8881
1500
7331
7361
4199
6303
5146
1995
8047
6411
2828
5188
5096
9578
2657
5685
9776
1892
7396
8200
1705
5265
655
472
1002
7032
3121
4547
3305
7346
5455
7285
6091
1172
9915
8200
6986
109
4875
4241
8916
9875
3640
9143
5737
282
8565
742
705
8423
7010
2774
4890
7750
6575
9425
5916
5730
2340
9647
6329
1889
95
2418
2764
5874
745
2950
3434
3094
4635
9196
3694
3231
8652
546
4997
7021
4409
5682
7458
4621
5391
9590
9620
6572
3170
4702
2980
7379
8081
7291
8863
7100
808
7991
5794
9167
2142
1795
5149
5937
7588
7221
1187
4802
7846
2472
3247
5300
7215
6335
5650
5542
6858
1365
1
1961
3404
2853
340
3205
5402
6136
9933
7797
7646
5644
6819
9682
3446
8707
5899
3306
3268
8340
2036
929
6329
2391
7765
6162
993
3550
1896
2653
5696
4214
215
7977
8084
2363
1618
2605
1849
1098
474
2707
1497
3164
5160
9192
2009
405
3341
3781
764
9696
5817
7031
2919
4470
6943
8052
9972
9632
8974
6848
8312
3874
9582
5675
1947
3910
3245
9481
2183
7029
3685
5277
114
969
6146
1198
2580
6887
5676
9487
4147
4084
3579
6010
757
4045
87
3208
2228
1228
9906
5416
3817
3735
4445
8009
7673
8492
1221
3482
5015
392
1208
7571
6583
3060
4114
4179
1288
8160
8224
9857
9607
6378
9012
6762
9613
8936
6290
693
4144
6262
1562
3024
7371
1785
6161
2024
4697
4925
1196
8035
2995
4536
3944
9924
5174
2672
4824
779
4554
6943
4810
7563
8617
1615
4061
8115
5098
7886
8685
8197
9163
7876
6923
6804
490
7088
1693
6615
9878
9918
8502
6695
1955
3547
3849
870
2866
626
5356
7279
7319
2640
8322
2668
3606
8042
1531
6617
3580
5243
7707
1927
6188
3553
6732
3771
7936
1123
113
4031
1366
8858
8861
913
344
652
963
7376
3079
2051
8705
3859
2247
5232
9111
1193
5860
7417
712
5384
7846
7085
4897
8553
1543
8335
4794
8051
4769
9719
2754
8081
9990
3814
7030
8736
9698
5091
6327
9400
8677
966
9607
7062
3492
3698
4180
5553
7084
3439
1556
7480
7915
3922
2209
7333
6294
2481
3017
1066
7006
65
3576
6211
7675
5917
2385
3495
8801
5821
1447
414
5738
9327
7727
9195
5707
2626
8938
5091
2660
6539
6311
6706
8101
794
1165
146
6453
2152
8683
953
2413
2268
9063
5820
1664
5420
4736
2650
6295
1806
1232
7902
2441
8663
3666
3535
2924
3976
9377
6538
4609
4879
6132
2952
5143
2089
3454
4158
8114
4232
6993
6987
7963
5865
3006
2672
846
2164
850
266
1231
9697
3056
1394
5992
5099
9756
3258
9260
7616
8023
7756
5282
5194
2539
8000
813
2323
9115
1699
3452
2698
8180
6107
2705
6290
4637
2163
3756
336
9771
7051
5447
4578
7286
8776
298
5522
2593
5846
1896
1826
4655
6092
2791
5708
7777
9027
3966
7293
1104
1961
9996
795
7386
664
182
9644
9083
4849
920
4713
1030
868
5414
8888
9529
1787
5476
3971
9610
3862
3803
8688
9355
4462
3773
1446
1526
9708
3483
5058
5915
5109
2932
9767
665
1495
6969
5542
8040
732
4569
5885
8557
8104
8071
2115
7700
2141
8451
8878
3983
4471
3205
4340
917
9901
1200
422
4756
4
6615
71
7828
6432
4842
9906
3498
8308
4761
435
7722
6356
7530
4672
4786
7261
2799
6923
4353
889
4553
880
6630
7888
3036
8274
7143
4635
5896
3873
177
9421
5965
2563
5240
7781
2962
1128
9122
8324
5232
6473
592
1139
1359
6685
597
2836
8005
6680
1336
1738
4665
6207
6113
8474
9099
5587
2650
4134
4192
416
908
2668
5825
2238
4666
1896
9797
6600
5049
5682
9628
5652
4065
22
2031
1026
7723
1574
3635
1091
5951
8438
5858
76
4870
3417
7919
8613
4556
9044
8801
4454
8088
2312
4996
7484
6262
4493
8441
3429
7698
4796
2286
3600
3879
2493
9153
2060
5410
4973
2691
4951
2824
6688
2450
8154
1892
9516
3536
1302
7212
9102
7233
9293
149
7087
8759
3324
231
1169
5701
8350
7843
6037
367
9277
2866
8341
1893
6421
2663
8368
5548
1101
5948
8841
1016
1067
833
4442
3318
1320
2973
7785
4338
7858
9834
9026
8360
8617
5618
6655
925
8366
2653
4371
3369
9654
1403
7533
3447
400
4698
7461
6017
7346
5978
1646
1996
9816
9459
614
9962
907
6172
2935
3764
296
9531
9707
6782
9504
6533
6238
8216
2039
6343
783
298
2183
4911
6335
4328
4783
8745
5501
6136
4592
8134
2294
7901
2994
3922
2336
1139
1504
1611
3487
2418
7121
764
9836
2258
14
9253
8145
6234
7914
8271
7567
9136
1723
8718
1787
1536
7650
4244
4846
2284
5068
7614
8957
2621
7889
7751
6021
7089
7274
368
3503
1284
6415
9891
7562
8475
3151
2423
4699
9461
1386
1478
3106
29
5531
5948
3374
7262
7924
9764
6906
879
1598
2177
3648
3381
3757
3398
9047
5770
6945
5190
311
2639
6842
6973
8036
1375
9598
3653
2880
4997
7911
2428
5894
6833
7265
6827
8922
4573
5140
7075
7492
1229
2773
1164
8237
5898
8576
2227
2612
5289
8600
1144
7744
8803
4397
2312
5497
5339
4901
9390
8902
2077
1325
6713
9145
8267
2017
1691
6108
6464
7622
7122
5390
1462
402
6364
4962
5515
6441
2542
8840
1507
4755
1880
8575
8476
5550
5518
5925
5894
9976
752
7596
6178
9971
7775
9047
2684
1060
4358
651
659
7312
1019
8600
1092
5786
1659
4482
6329
8522
6473
9177
3904
2658
7170
1970
6085
1884
5510
9640
1097
1632
5029
7570
8447
8813
237
4527
9413
1813
8578
3894
1552
2831
4772
1611
414
802
1638
8169
9624
5775
5555
3365
6861
7993
3051
3463
1907
1024
3264
5072
2887
4845
7056
2262
539
710
9290
1156
8031
752
5399
1630
3963
1047
5782
6684
8155
7098
9043
8378
541
5184
6230
7145
7125
5753
5138
2838
3211
6686
2429
120
4118
6131
5939
1397
514
7677
9118
9431
8742
2958
1517
6300
9071
420
2310
6505
4123
5416
1653
5562
1704
5354
6612
4722
5855
4181
1171
2728
995
2732
430
4568
1164
6883
898
7914
3575
6962
1589
7253
1744
5046
2085
8081
8610
9183
4785
1180
6278
8635
3597
1893
4527
7017
8099
5845
4652
9548
2908
7396
6412
3314
4295
561
8149
2070
8690
989
8202
4672
1746
9736
1074
7133
5933
3257
4990
5210
2178
8282
9212
5127
7644
958
9262
4760
2641
5417
2168
3199
6930
7396
4751
3900
9622
3113
3142
937
7282
9621
5236
3566
1019
7186
4032
3711
1877
2737
7311
2886
8104
7237
1534
1716
3278
8773
9936
4703
5678
7044
8365
9289
6248
3663
2849
957
5956
4737
6144
9264
1170
2722
7327
333
1557
8849
5572
2327
621
5319
7882
5272
8543
925
2161
1497
1161
8031
4625
7207
5230
2498
8150
8287
5164
9802
2020
6760
7748
8069
2033
9884
2177
2498
2796
1724
9294
7951
128
4640
6685
7868
4756
1947
6161
1238
2248
3978
2789
3965
5308
9033
976
8051
1451
1747
6704
556
9884
6459
4801
4916
4724
9870
2449
8093
2489
7613
5099
846
1919
8782
9106
4406
9969
2492
4585
5234
7947
8103
9373
9372
7737
394
6285
1519
2491
1009
9079
6188
207
8536
8464
6733
9714
7664
8848
3170
3922
1627
7631
16
892
5588
9643
5582
5047
9996
2202
759
9281
2646
7654
325
4810
1716
4851
9094
4588
3964
905
5229
9483
6143
2132
3473
6474
9117
2120
6982
9139
4409
6050
1783
8653
5033
1092
6676
7425
3865
6577
2977
6459
9057
7887
7352
8861
1241
6615
2544
6332
870
6862
244
8168
971
5108
5176
6807
1362
633
3102
5202
8025
3384
756
740
7636
2425
992
9401
1092
1717
7287
6761
6232
230
2412
1388
9503
8152
5181
3064
9765
5996
6465
5232
9332
5810
1111
7229
8038
3996
8180
3293
9381
3622
3930
8229
9461
5044
8809
2074
1866
9290
2100
3770
7850
5121
8218
4298
3498
4364
4393
4489
5376
2393
1991
1455
3992
6746
5433
3211
2261
3820
878
3014
5297
2297
1745
1166
2823
7094
5661
1587
4581
783
5833
4585
9764
6984
9340
6203
8744
8704
4743
7896
7172
651
1908
7530
5910
8057
9149
3046
7541
8228
4249
8443
9301
1048
4088
4399
62
4293
7308
9697
55
1946
3250
9897
2994
2919
7434
7594
2966
5167
4591
6779
5872
9965
641
2282
127
6401
9569
2391
2515
4483
1102
9632
1821
7020
7218
2637
8871
7566
2719
6109
7494
7403
8324
4968
8955
7233
9439
5550
5717
326
3861
5049
2751
1615
2348
8330
3529
6465
5695
2290
5543
772
4734
6143
1640
2925
6938
6539
5787
6663
2081
6218
9224
3414
6002
4444
4684
6658
9782
1967
4826
4580
6430
2425
9887
9576
7771
1346
1745
3926
7011
9882
3954
6142
9720
3999
9801
3253
2762
5697
5467
2898
3980
812
9688
1573
4220
1924
7283
9221
9993
9850
1807
5136
983
5465
8097
5301
724
5409
9128
9529
1384
9991
7596
8997
7521
5609
395
2435
6898
7227
8804
7463
2945
6306
4465
1040
1872
6933
6537
5791
3725
2892
8107
6080
3199
3792
7564
8338
8416
1645
2814
8710
5072
3614
8664
4851
764
604
7647
3896
8888
4316
63
694
8791
8570
4991
4401
2052
1750
1859
3454
9775
1180
5765
4722
2558
2933
7966
104
9019
9627
1348
3371
1761
821
4378
5681
5981
8504
6132
5585
3937
4825
3529
2182
5882
7341
8308
2264
4235
7327
863
1170
3358
4826
5614
3418
228
1164
1561
9698
333
5829
6313
4487
7979
2813
5725
8536
3873
1129
9606
9676
4853
3710
2817
8752
9317
5798
5404
211
7159
9720
7400
2519
6930
6865
4776
4822
9761
2625
5838
4185
2406
8903
8341
7798
9010
3117
2926
1553
984
2670
5692
5860
6685
4354
6022
3710
811
9013
553
7336
8068
8608
7848
827
5816
1509
7096
9588
8054
4109
3237
3139
1870
9159
9025
1734
5484
4017
245
1809
9089
7812
7953
9095
5591
5107
5923
9905
8174
9250
7516
1034
4312
7807
2433
6461
5550
1176
1281
8690
661
2684
9833
7780
4604
5264
3428
1793
8286
7859
9228
5965
3952
3236
1142
214
9157
2562
2660
5662
4349
5304
6394
9066
2479
4161
8111
137
2239
4679
404
8522
2101
8788
7845
9817
5258
9694
1029
8113
1098
1093
2431
8188
2039
5358
7966
1459
5394
2635
8922
4565
8480
1862
1916
8293
5934
5038
1013
1903
4708
3094
7649
9033
4105
9004
3774
1390
2507
3668
1758
1820
1372
1191
3532
2190
8440
7321
2446
3193
5678
3958
96
5660
9136
6750
7995
1308
6000
7124
793
337
4180
3867
4307
5642
1711
5788
3765
2442
6246
6349
4111
9393
6042
2560
4810
1185
1840
185
921
9772
7366
820
7743
4696
4253
5959
529
438
3247
6923
1517
4717
8435
1277
9908
1549
899
9019
2890
1247
4198
5328
6007
7093
560
5937
3329
9033
857
4496
5195
1928
923
4225
5693
9686
994
9385
2422
6608
3454
4265
7285
7367
7782
5977
3937
2448
656
6559
8487
1956
2434
3333
5673
8237
6143
1844
1143
5170
5539
376
568
6104
9418
6219
8465
1230
9714
8454
5937
6272
7281
5342
8068
4525
7591
2542
5483
6965
701
5393
5711
997
288
7268
7432
1778
4541
5394
1335
7025
407
9531
8307
6090
3554
5589
9586
8425
8265
3099
2064
8243
9104
5487
2714
377
8772
4045
119
5975
8419
9150
3609
7200
2981
4131
7816
2733
4172
6121
5663
7040
3389
8366
619
6614
8444
4419
167
5775
6531
1075
966
9374
5328
6278
2669
8318
4854
9499
8923
6486
3440
6273
6207
1771
6252
5562
8222
6196
6118
2321
9858
1264
1940
1509
8882
7725
6882
2684
281
5814
9854
5279
8634
2977
7183
5361
7907
2444
5784
7832
9152
5963
3520
4224
4979
7955
7656
3488
483
3207
8400
6997
6937
2702
2875
7372
6362
2860
2057
1452
5558
2535
1338
3502
4239
4420
3941
1792
3468
9435
9762
4509
2775
1263
972
6366
8329
2327
7311
9376
7791
7192
2315
806
8670
1167
6007
8469
2009
4622
6700
2324
5287
3452
4974
7095
984
7772
2608
293
9940
8663
4200
8309
1221
167
5864
504
1477
1471
4048
5302
7184
46
9026
2018
3878
1562
1877
6778
8124
6754
9124
402
3748
1845
1726
5452
7341
9689
3167
6310
1318
7945
7639
1299
430
7709
5916
5147
1075
1904
59
6941
438
8097
9494
1270
3358
3975
9100
868
2615
8940
7811
8417
3085
1635
5386
6884
8808
34
3194
7886
5100
2889
1338
429
9274
7219
4462
6562
7234
8063
5015
6405
1377
2808
6123
6265
7402
1939
5802
3794
3009
8010
6285
9120
6222
5827
3927
896
9291
2030
3498
9407
8740
4244
109
7159
9966
3451
2468
7855
9621
657
4278
727
711
7267
5779
7967
1030
419
4876
9623
2249
5974
6524
1407
7327
3811
2253
8873
405
6530
7991
3940
8141
3744
5759
9181
8702
2678
6308
4784
3493
8449
7960
7465
9166
680
697
129
562
9117
8908
3627
24
5485
3693
4752
5776
282
6720
2502
4364
6126
1775
668
477
7506
1527
7231
9377
5251
2892
3101
1660
3696
1146
1615
217
3780
8744
891
6552
3436
2766
9976
9837
5037
9286
7796
7072
8142
8340
8562
3853
2614
6194
2059
7856
1939
2587
3263
3628
7802
237
3602
1762
5321
9037
2330
6488
5542
5286
6020
1916
3408
9618
8750
804
5418
3304
9933
3364
8071
3943
3564
7899
381
9911
2965
8547
4158
4898
557
8466
7773
5720
9467
3373
6127
3615
3387
9371
2092
7450
5609
7740
5150
4248
9361
5628
6616
5535
3489
9029
2458
9928
2746
9412
3929
8075
4972
7098
4464
3643
9779
7634
670
4084
2168
3602
9363
1461
6397
1846
1588
1763
983
8508
1258
8091
9979
1327
7607
8171
8907
396
7667
1183
8771
7506
5949
2516
1948
7155
183
5225
8354
7183
211
9610
5121
9004
8163
9700
5809
1043
9253
6964
606
4432
9286
2383
7107
9110
2383
2791
5133
3379
5336
5125
1577
9340
2465
5327
3394
7741
541
8009
443
7843
7652
3758
4823
3918
3860
2731
2053
6935
2266
2224
121
8396
4942
8203
5456
7504
2159
7343
2674
3420
579
575
786
9695
3017
795
486
6173
7920
8809
4200
5972
8041
3957
9848
5860
6392
7269
1840
2032
4770
6678
9369
9113
1030
430
4396
286
9907
3379
70
5037
1778
9910
3941
8886
7614
7298
6297
567
5432
8171
1243
8357
6090
7605
5997
3246
5275
3362
1734
1554
7958
6087
3171
6124
8522
249
142
68
6305
2707
6246
1954
3546
8217
8736
3379
7961
7668
7236
8271
3848
210
9248
2987
806
7714
4038
1059
6131
2409
2586
6971
1785
9145
8120
8870
6733
8252
4177
600
5904
3177
5875
2025
6855
8697
1752
8598
8789
6929
4273
1171
9328
9159
7925
9644
4762
5473
9275
3314
342
5472
3414
9327
4524
6343
5696
6054
8850
1030
318
2643
2398
9217
9256
6359
1659
2414
8042
7490
943
5320
1133
3820
3630
5462
8875
195
101
3331
835
876
6753
8494
8817
9229
7260
688
7503
1506
6853
66
7984
6951
1917
4790
3302
2837
6679
5293
46
6706
8250
8750
84
671
8151
1331
7707
9466
2582
2690
1884
6189
112
12
9543
625
9948
4498
6620
1853
6388
4999
4899
3242
6694
1081
4130
279
2369
2331
6840
8714
26
2263
6063
1759
7686
8201
567
644
3211
5622
3670
3736
2188
2226
6608
3281
9612
9965
5604
1250
8685
4652
3486
6652
4344
4118
4000
9317
7874
338
3657
8510
6252
8328
5328
3665
4455
135
5752
4826
1280
9508
4849
7684
1852
4518
7163
6723
2231
2634
3165
4172
8558
898
7689
15
1887
3408
2351
991
534
4557
1390
7695
7030
6225
8882
8959
4791
3458
3396
7946
1847
1941
7031
3213
5557
4682
8462
9142
9975
6645
2769
500
8010
4987
8008
4456
1524
5347
7751
343
791
9648
6050
356
8203
8326
8710
8558
9243
5122
1241
5412
2901
1292
6801
5242
1676
2944
3421
5723
6940
3606
2864
9078
8170
4862
6908
4296
1096
9028
1464
6527
3079
8179
8809
4011
6559
9825
4478
3516
483
2814
7923
5858
8399
8353
8233
7631
3047
8607
9315
7739
9238
8625
8009
8552
618
1505
5189
2819
3526
882
2964
9247
4697
3876
555
3988
4138
1259
9825
9730
4327
2615
28
2235
5048
9781
8927
6443
3546
3456
1388
8929
857
4941
4104
428
3699
1042
3838
449
6097
6037
6606
4535
2904
2138
7623
135
7751
4656
1631
3935
6824
7083
8026
183
1894
9014
6275
8375
1237
300
4262
6556
6218
8749
981
678
3377
6818
2905
2540
7124
7431
559
2871
9710
3935
6087
2417
2383
8276
9131
2505
7498
964
8796
447
6448
9573
3357
8974
2632
3331
1535
7569
91
4820
1259
2744
8907
719
3142
6830
5127
7539
7106
8291
5944
2425
9718
3258
5605
3882
6539
308
5144
5697
4145
2746
9901
1847
4483
619
908
2906
5151
6002
4204
6619
2598
735
969
2301
4859
5580
3069
535
675
3926
7168
7288
5581
2902
9483
1573
7108
8458
3381
5891
6321
9479
4527
8359
6135
9203
3190
8569
5521
8191
7306
6508
5671
8181
3772
3218
4096
5974
3327
8801
7751
7814
684
8103
7770
4720
4387
6187
9747
5584
5918
217
1024
5245
830
4885
1343
985
6678
4420
6942
712
983
2967
6842
9653
1694
8804
6752
7488
2712
5561
7595
2940
6320
8180
8061
2742
6648
1649
1769
6555
4934
9716
1676
3997
623
3356
4783
5770
506
5250
7891
3311
2527
5077
4598
7376
519
7685
1882
6890
2717
4434
1088
7414
6869
2343
9102
9113
766
6299
7813
1208
2728
4849
894
7456
7594
3315
5901
6323
5992
9288
267
341
2198
5467
638
530
32
6588
8458
2839
235
7217
9599
8340
5300
2363
5589
5965
8182
2576
2565
572
2793
7767
6173
4016
985
3294
1754
9464
5914
855
5842
3372
6692
6073
3414
8551
9826
7300
7256
2338
430
1533
5145
9315
1020
6773
864
9369
5706
3978
4070
4516
5681
9904
6204
1170
9043
7045
6773
1015
2253
6709
6862
874
1639
6585
4958
46
3245
1560
7489
5308
2842
7038
1397
6300
6059
2693
882
1685
7489
6227
8937
5552
8111
2381
9975
643
755
8621
8905
8378
7363
7693
8552
4902
7
1646
4450
6655
4215
5072
2080
9602
4485
8857
222
8083
6395
5445
7017
796
5257
8373
24
1375
7260
2530
1528
4321
4483
3234
4896
6298
6595
8381
211
5709
2278
3182
8164
8964
52
6793
708
4991
9810
5830
5382
7690
2563
1014
7538
6097
4905
4895
2063
6329
4080
8428
9555
2724
7818
3187
8041
9505
3688
8683
3828
5553
3949
7360
8211
9474
1457
2782
7249
6503
8378
1502
7131
8958
3954
7674
9113
2083
3252
1050
3718
7495
3630
7285
1764
8467
4748
2395
4678
1677
4431
1125
3457
6597
1841
2243
9890
2576
5792
8902
4666
7232
8418
957
4642
2737
6021
4832
3483
5351
9869
3969
3807
744
6745
9305
1226
1620
3941
7510
2894
2155
7337
7800
1985
911
9842
469
1887
1205
5102
1244
3385
4495
1403
5427
8917
2013
8352
2744
1642
9916
286
6707
9860
3229
7206
2851
1037
7281
7765
9813
8610
1096
8501
5293
7431
3102
7758
7410
876
5319
99
8248
2250
5413
3635
2562
3908
9679
3532
4881
7555
836
303
611
7615
7594
2505
2449
8208
2137
4090
9271
1470
4420
2716
4598
3915
2499
5026
4676
6145
8892
6946
6709
5653
3729
8213
1449
3552
7660
2355
2037
1658
5202
8761
173
5813
1362
3625
498
4388
577
4560
7984
250
3625
440
5484
7414
2203
8097
490
9049
7944
7818
7845
5305
7492
282
7164
6122
7293
7564
4144
1406
8413
6032
2572
7227
6342
175
6008
2131
6737
323
4475
68
214
3143
7134
9864
643
525
2364
9845
4624
4723
2774
2972
69
9398
2675
5081
5566
1953
6402
4632
5616
1705
205
1566
1534
2082
4840
166
5101
1413
2845
4241
9689
8030
6972
7728
140
9188
9469
695
6073
3030
998
3911
2811
205
8401
1771
8635
7904
4779
1900
4539
3448
6328
5203
6489
6976
6541
7352
3901
7470
9300
8282
45
7388
9975
48
3807
2186
5858
5751
2826
517
5831
8868
9692
4245
6794
8849
2357
4735
150
2410
7374
8283
7164
7420
7182
3164
8139
679
8080
1729
8207
6316
6890
4076
6912
4433
9687
637
8007
405
6656
8093
6965
265
7103
7561
9917
7898
9935
3805
8781
5265
6977
3656
1628
6961
9787
6973
2950
4291
9639
5051
6841
7373
147
380
3366
1457
7004
9961
9125
1631
4406
845
3638
3110
8200
6418
8815
959
1456
5129
1048
9896
8812
2645
5904
8841
7324
9733
5763
6607
4864
9003
9762
304
6590
4609
3348
4533
2229
7359
7029
379
5503
1164
8039
8129
8862
1421
3433
9092
5344
9107
1914
8105
707
781
5507
3433
518
4716
241
7360
9176
4459
9275
4271
3339
1303
9008
2344
3319
6388
1515
5261
741
6989
9025
9781
8604
5383
4099
9025
2373
2735
5821
8096
2031
3119
631
6110
803
2855
5133
2293
5539
5617
1319
6869
7415
1893
88
3081
1189
9201
6379
8715
3630
662
299
9489
9662
3172
8450
8058
2950
645
7942
928
52
9446
2617
9240
3798
504
8880
8460
2938
8633
6523
8646
4009
6801
4045
8720
4268
1687
1066
6074
8668
6944
7445
7309
2654
2511
8822
3597
4017
4581
5538
9645
9884
1226
1171
4525
5827
6267
2133
3327
8031
7598
7196
2819
640
8465
888
9614
5080
8704
4522
8706
6200
884
8661
2983
6278
6552
5080
9087
3850
250
2700
6569
6852
7313
3358
6422
274
4097
8280
402
9744
8568
2362
319
5789
2052
3579
7470
4264
9900
6890
3207
7268
5877
7428
6201
656
6538
6989
4075
1865
1427
4930
4568
3892
2684
2088
6576
414
2223
1834
5280
1693
7719
9372
4951
2548
1022
9938
1585
3063
6938
7660
7418
2341
749
5442
162
2410
5425
840
7027
155
2095
4292
9461
4255
5837
748
5689
2899
2508
9654
9279
11
8526
788
5580
8897
7605
6500
3952
6273
8818
6317
9138
5609
9431
3481
4822
9121
1588
6362
5692
7693
8495
9574
1545
8407
9016
3250
74
4812
4931
7073
9586
5034
2145
6531
6262
810
2948
4750
232
2893
2326
8965
5017
4922
9272
3939
2402
7275
4012
9599
4799
9054
7585
9026
8621
4217
7170
2896
5860
7818
9633
3113
9186
3787
2885
4444
5732
3895
6252
2557
3346
1639
1108
5584
164
2196
4952
1596
3766
3260
9643
1947
7206
8333
2034
4789
9967
2942
2245
8353
5154
4222
1119
8050
2204
3291
7056
4518
8596
440
7748
731
6900
5436
9973
6353
591
3620
8606
2668
2897
4351
6143
2211
4874
9453
9572
4536
7917
2796
2419
2216
9942
4425
7838
4292
3407
6957
9837
6135
4073
8217
3830
2228
2013
6327
5479
7551
9324
5446
2014
9507
9865
9665
2837
8956
1449
1026
6999
9655
4948
7873
1207
6508
6535
8012
4946
5139
6559
6381
1609
9625
1266
5670
8421
7791
7701
1555
1893
9356
1181
4562
3107
2048
4141
4859
4963
6858
6735
2007
1605
1695
4438
3237
828
171
2741
2940
4678
6727
1455
3816
2891
8149
3101
4839
3970
8938
6273
802
1198
2061
5670
7179
2587
6591
9981
207
2684
7615
1998
3952
6054
65
7030
1945
8245
9041
39
4571
613
1054
1719
4017
4579
6942
1068
666
5856
1790
7694
4765
3518
9791
5041
7587
6262
7600
7745
223
3964
7146
4319
835
2419
6242
2653
7113
1457
3658
8820
7940
2230
7070
8479
1357
9419
9176
2991
2899
4162
9581
8928
4663
6615
511
7647
8111
500
4891
4486
9674
4099
3460
8386
2917
1421
4577
1393
3792
8819
3286
6625
5686
9669
6770
8800
7910
6930
7253
2232
6135
4348
5170
9043
1879
2871
3917
5321
5053
874
1685
8903
7583
5592
4231
861
2255
3130
2801
5655
8145
3305
8013
7671
5918
9706
8662
8542
4869
5919
622
5808
5505
5401
8749
7623
9362
682
1377
9782
8300
6316
9740
1634
7682
9052
6070
7284
7084
286
2474
1344
1650
1148
5148
9256
6544
6418
8308
7359
2895
134
5092
6805
2713
9340
5456
9596
6065
3664
6714
6957
3516
3905
4938
6624
5441
6086
3771
2424
8272
1634
9552
5116
2573
7486
8701
3492
6330
5954
9863
3554
2423
1018
4399
4194
7276
146
5699
4007
2962
9871
4260
5612
1578
6502
8314
1823
6205
2431
3949
8485
9616
6471
5826
989
1766
5892
7235
3642
4981
4344
6791
3024
3503
9570
3394
3985
5564
5173
9577
6663
1732
5270
6179
3640
9621
3232
5255
8039
2817
3926
9076
5782
7516
9215
5176
5295
3362
9487
1380
2779
3696
6831
640
5744
9051
6188
8702
3908
3699
9875
8584
5293
8372
5818
5266
8737
7912
5003
2186
3552
9308
8765
9601
1379
6109
5335
4814
1895
6722
7275
2981
1143
2499
6327
4451
8855
3117
3400
6627
499
3400
5223
9449
8554
6761
4994
5335
6200
8082
7382
3072
6744
4223
6042
6915
2690
3532
5919
7112
2136
7813
95
4162
4472
7658
8310
8997
5299
1080
7484
6536
687
6598
3513
831
8371
8696
2084
5495
7225
9235
605
1691
7711
6483
1966
7616
3853
6797
9
1408
7631
2632
1077
1136
5436
8748
9143
1304
7759
7068
9164
21
6769
8960
8493
8404
7744
8999
9310
3209
6563
9978
7312
2209
5109
3557
8910
6802
354
6329
9633
7472
8645
6019
4518
1279
52
82
1075
1245
5751
6556
2515
189
5202
3807
6633
6981
1548
288
6424
3004
9124
2653
6187
7974
4022
8128
8510
4446
7220
6996
9891
4572
8902
889
6535
1360
6489
6108
31
1457
1096
961
4433
6732
4341
2343
9436
631
8025
5332
9761
8142
1770
354
1378
2718
7909
6862
3120
9153
3970
8207
4445
4584
7890
2852
7309
2010
390
2849
6866
9421
341
519
2696
1753
7880
6589
1091
9135
2539
6221
1119
5685
8335
6008
5054
6248
3888
6635
7979
7788
6846
6562
8333
5078
6868
8999
9101
8814
5175
8921
5057
2661
2783
2501
3494
3708
218
7271
5679
116
5047
1328
1203
2569
7857
502
5651
8374
8921
7088
9961
7487
8244
5851
6781
4045
2985
3559
3325
7844
6134
9676
473
5778
7343
2373
5187
7452
9459
426
8709
846
3962
9620
5975
1258
4003
2428
6660
7289
1068
217
7510
9805
2567
7806
6845
5600
3135
5806
2513
3584
7681
2635
9720
1292
7492
6166
5085
8463
5316
8067
1514
2121
7574
5087
7009
2252
926
8924
8242
3044
5589
4223
6308
2354
7364
8812
9081
8282
3079
837
4864
5431
5562
2418
7100
5232
7642
7424
2037
6782
2718
2866
1408
2106
812
8492
7557
2448
5408
6
7834
4631
7474
7929
3972
9605
2757
3574
6953
5897
6917
5224
4302
4867
7873
224
1670
7382
8363
9058
403
2352
8857
4391
4934
968
6552
5361
6290
2000
3115
8145
7192
2281
7369
7613
3397
5094
2178
8756
2511
9065
5939
792
9245
5784
4601
2555
6071
6240
6194
6239
8906
8166
6452
2069
5320
5526
5266
9237
7638
1728
1519
4766
8916
7970
7056
500
5222
2382
5941
9121
2273
750
4779
6187
8616
7968
2965
849
3964
9018
8798
6371
4758
8667
5625
3708
2250
8056
5447
6815
9191
5017
6539
9565
1363
3106
8395
731
9562
332
9496
7149
1431
6313
4514
520
6275
5645
3485
5458
3244
5738
472
5314
540
2445
3934
1316
2355
4999
2767
3720
5040
3799
4163
7345
9507
2965
8333
1146
9675
1439
7852
5068
6841
8475
8976
4157
2876
7282
7418
3970
220
1433
9740
3065
1053
2482
6798
7360
4186
1402
2728
5292
9114
2305
1609
4077
7159
866
1178
5533
9288
9685
4421
9418
2707
8754
6465
646
5267
9093
7362
773
927
3501
3570
2499
2854
9719
9357
8551
8011
7110
400
73
4802
8885
1220
3426
4314
1689
7912
5370
618
8495
961
4701
3729
7280
9031
6042
3201
2560
1094
1373
6244
8373
98
8905
473
5161
3699
8837
1976
511
1901
4127
1557
1402
3748
2347
5053
8881
9883
4042
4332
5856
894
5424
2678
6609
7294
4317
8913
2087
3417
5024
669
7795
5850
4516
4710
7172
9139
4011
3699
1851
4718
4647
1646
6380
5316
5659
3891
6735
9371
1819
7803
9908
1415
1759
3631
4874
7033
330
2593
3061
4248
946
7346
2071
3610
9189
1764
5975
3932
9318
972
9953
1921
6345
9898
239
5453
9896
1496
3559
3458
7451
9641
8382
8815
8154
7764
4715
7206
9492
1130
3899
3568
5677
2911
5209
4399
6416
6694
2655
9869
7078
2647
5495
5731
4487
7396
5442
313
5643
8242
3056
4602
1559
8861
331
7637
3974
1110
6473
5893
161
6009
1513
9349
5044
6259
9220
5200
7898
5460
2013
7176
1594
6090
3457
1019
5288
7615
8532
8153
2072
9277
9367
182
2237
6547
929
1833
7406
7684
7155
5142
8732
5655
4109
9934
7890
1000
3044
6108
6688
1577
848
2233
2537
6104
9305
1842
622
5412
2942
6433
912
84
3502
4458
1948
1681
8952
8276
4917
9578
8776
7640
4483
3543
3759
7550
8120
1609
6904
2545
4772
1259
392
8078
6909
2162
5131
6166
164
8067
2836
7926
8327
1358
8161
8151
6195
2587
2385
7075
1541
3011
61
787
2344
1438
4901
8744
3093
6341
4366
6670
8475
6554
1182
4274
1960
2575
1116
2231
3578
6857
3536
7099
5470
2424
3499
2713
4625
3999
1131
5235
9020
3708
8741
1950
3218
3732
1728
9817
4644
9994
9587
4433
2427
8516
4785
8517
3014
668
4928
3098
2697
4423
8584
4391
9570
4577
7014
605
5107
9930
5455
4453
940
2011
5081
1110
7827
1216
5002
3343
3308
4390
2868
4184
6179
2810
8921
8717
6999
4020
850
3223
8307
9428
6065
1163
4072
1464
7599
8994
9005
1924
2883
7657
4397
9179
668
5603
6198
9352
432
3573
7154
2736
6764
9986
7670
5599
9943
8136
8258
4246
5545
7919
2345
5194
5474
9942
4915
7577
9912
4688
7631
9274
910
4760
1327
8384
4575
5873
3629
1133
5890
4974
9528
5846
4203
1739
7417
9111
2043
6114
1177
769
7317
6664
9198
2061
8348
1825
5874
9288
9010
2882
3645
9152
1212
873
3031
4139
2459
4661
2530
1732
4167
7395
6750
7200
3378
8053
8249
309
2258
8275
2067
5372
8268
4867
4258
3827
4829
4689
9127
4774
5677
410
7406
9430
8878
832
5659
4217
7142
8380
1941
7078
8984
6903
7415
2414
346
4008
1411
1063
9974
3906
2248
6664
2744
385
3404
1071
9209
187
4245
7063
2521
5047
1108
601
7815
3181
858
6433
6749
5333
4572
774
4553
6155
1718
1302
4512
2111
511
2122
1883
6457
5354
7694
2750
3027
3968
6038
5101
6544
5839
522
2744
6432
7648
1629
7579
1603
4536
8186
89
8153
9366
9008
1682
3448
3611
2995
8555
1228
807
2828
1120
4267
9581
262
6204
9617
9569
6228
3838
4562
3335
7177
8749
6064
9047
5411
7894
5298
3904
6288
1834
1383
1987
2795
3764
9047
4524
8826
5467
8035
1799
5909
1812
2230
3781
9158
1575
9477
9335
9436
4860
5890
8619
1138
4145
4284
3014
9859
5926
106
3841
3957
315
4611
586
9533
6032
5096
2337
4150
2974
9078
3369
8661
7522
3006
9949
1809
1832
4351
5803
5925
2524
2347
387
6141
9997
3709
3575
4763
4860
7257
3184
7205
6741
5208
5602
9798
1844
5850
5263
2256
1094
7006
324
8983
55
6176
2191
2439
3751
6542
7564
3520
5095
8415
9276
6211
8712
9149
1204
6067
5042
944
4817
6295
4435
2374
7188
3048
9786
7300
4168
7054
6108
3742
5008
8063
45
62
8798
4479
6516
2971
5041
8048
2440
9228
7929
8612
2729
9034
6505
3061
9457
6271
6122
6400
3779
2410
2258
3305
8279
9782
1874
1933
3534
7694
4909
4514
8201
7087
3049
98
6372
6552
6009
8311
1623
3959
3326
3586
3039
527
481
5295
1624
8998
7388
5901
531
2288
3185
9893
678
9923
2848
5022
4311
6775
9583
4484
5006
3479
245
7447
512
1555
6570
5458
6033
6218
487
4099
1850
9748
5535
1256
7688
829
2769
7436
2130
1561
7759
4853
190
7786
356
2060
1388
6399
2914
6403
6920
9150
8324
6021
1374
7963
7326
9017
9862
3236
5298
621
9210
457
3046
2957
3769
654
2351
1016
2762
3858
951
2121
838
8145
1292
6050
2975
9990
636
6595
493
3992
9923
933
3125
9195
1021
3006
1398
9375
6598
3304
4188
7217
9864
8638
605
240
7254
4081
5223
3087
1930
3748
9772
3625
7613
648
8389
3568
2653
1666
7914
3209
6935
223
441
1040
1011
3793
8414
5214
5795
5265
253
1934
6992
3834
240
5595
8305
947
7636
2332
134
904
149
5144
3630
8243
6889
6398
9749
4686
4971
5548
4111
9567
6602
2789
7639
6976
8489
135
7333
8479
15
8299
6551
3955
3834
602
205
1818
3898
5900
1286
8016
4474
5852
3237
1833
6057
7516
2976
957
1913
6575
9278
8564
9985
1852
9032
7032
5796
5522
5566
8185
9768
8912
1178
9299
3639
9419
1402
8109
3908
6707
2462
3941
2972
4368
3634
9212
1813
3435
7869
2471
4464
7941
8327
6515
6828
2448
8978
2897
5400
6882
6051
7605
85
3757
5219
6387
3752
7543
9596
9165
7365
1441
5916
3640
7967
1728
3786
3675
236
7876
6086
9594
6437
3225
7747
3962
2227
2633
9085
4777
5645
7481
3214
6033
8455
7883
3112
699
4628
7776
2382
4676
4334
8293
3457
8839
877
8284
9346
8144
3199
2841
9908
9812
1128
9149
237
8881
1852
5729
9299
3301
7462
5920
5867
6205
4153
1793
4979
8858
865
7464
5098
9707
807
8564
8591
8589
4771
2926
7222
1418
9367
2091
7193
1617
6464
8354
1048
4051
5660
4655
8576
3115
8855
1732
8455
206
5969
6796
2672
275
3041
7022
4997
3775
3963
1964
3756
6489
4956
1098
7791
4347
5766
5178
4393
9563
1064
4906
5932
8872
3982
3517
4478
4438
