4
7
39
53
71
73
101
180
198
219
246
310
321
330
346
358
369
425
432
441
461
464
480
481
498
501
516
524
539
631
642
646
658
659
694
730
756
765
801
844
883
887
890
908
914
940
965
969
971
974
996
1024
1042
1076
1078
1078
1125
1173
1185
1228
1232
1238
1240
1243
1251
1270
1290
1302
1312
1314
1350
1355
1363
1378
1379
1422
1437
1455
1463
1481
1483
1487
1517
1594
1635
1638
1645
1682
1714
1719
1719
1720
1756
1768
1781
1784
1808
1864
1878
1883
1922
1971
1997
2036
2042
2065
2067
2073
2080
2086
2107
2211
2221
2250
2288
2308
2314
2360
2374
2412
2416
2418
2423
2431
2432
2496
2577
2619
2636
2649
2660
2662
2669
2689
2694
2701
2708
2713
2748
2767
2793
2801
2906
2947
2977
2978
2992
2999
3000
3017
3049
3079
3094
3114
3123
3136
3138
3166
3172
3212
3242
3270
3279
3302
3304
3305
3312
3329
3343
3355
3362
3395
3412
3422
3434
3466
3481
3486
3518
3518
3525
3610
3679
3702
3739
3747
3758
3759
3929
3933
3938
3952
3964
4003
4011
4073
4100
4131
4162
4185
4195
4211
4216
4219
4225
4227
4249
4256
4283
4323
4335
4339
4357
4364
4368
4383
4432
4440
4460
4468
4471
4480
4486
4489
4547
4553
4569
4572
4582
4634
4686
4693
4704
4731
4731
4733
4752
4752
4818
4838
4871
4947
4975
4977
4982
5004
5012
5045
5061
5086
5089
5091
5139
5185
5256
5293
5347
5355
5361
5369
5388
5395
5419
5460
5492
5509
5564
5569
5584
5593
5625
5639
5646
5674
5684
5756
5758
5812
5825
5844
5847
5855
5868
5872
5891
5896
5958
5989
5997
6009
6016
6061
6070
6090
6117
6173
6175
6180
6182
6208
6260
6268
6277
6289
6326
6351
6356
6374
6385
6422
6437
6469
6470
6472
6493
6531
6534
6552
6563
6577
6586
6624
6624
6633
6682
6687
6691
6702
6715
6744
6794
6833
6843
6856
6873
6907
6915
6921
6926
6931
6992
7023
7025
7138
7144
7146
7148
7158
7167
7211
7242
7250
7252
7269
7295
7295
7333
7369
7380
7386
7439
7446
7473
7489
7497
7508
7535
7537
7552
7634
7671
7691
7710
7711
7725
7729
7758
7771
7786
7816
7821
7836
7867
7880
7893
7897
7900
7900
7917
7927
7978
7984
8016
8063
8065
8065
8086
8088
8116
8139
8149
8152
8162
8183
8274
8289
8308
8339
8380
8482
8483
8518
8541
8571
8593
8610
8615
8658
8711
8725
8767
8767
8812
8822
8845
8858
8865
8880
8892
8895
8916
8917
8943
8957
8971
8996
9012
9024
9029
9054
9055
9059
9066
9071
9124
9129
9131
9171
9230
9255
9286
9315
9340
9341
9341
9385
9426
9428
9438
9439
9450
9467
9468
9491
9492
9493
9509
9515
9527
9530
9561
9574
9576
9577
9583
9591
9600
9602
9654
9667
9716
9728
9743
9745
9758
9768
9785
9790
9806
9810
9839
9914
9917
9930
9931
9944
9954
9967
9974
9977
389
966
8594
6972
9120
8872
1970
2796
3239
7039
9051
3865
8587
2985
3775
5084
4832
4279
9207
2250
3360
7440
3794
1383
1703
8046
5172
7215
5676
6633
2709
6019
7001
4327
1354
8417
7085
4064
3231
6340
8028
5752
3892
5733
5464
7486
2412
2160
3230
4477
5060
3448
8449
2228
1762
9653
8543
2439
1314
4857
4304
2184
1764
3256
8478
2804
7727
6960
2132
7529
4304
5501
9064
758
6973
1714
4261
8592
7578
8624
6546
9872
4997
9869
3306
3070
7145
640
2578
2465
5437
7725
4774
2769
3799
5375
972
371
4322
7083
7236
9144
1797
3600
7897
3183
666
1507
4813
9247
6837
8945
6771
8732
16
1414
2466
1372
2769
3619
1218
9845
5566
3422
7690
3655
6456
6171
906
3730
4927
9266
1761
7358
4044
8875
137
490
466
5142
9234
2890
4628
1965
8668
8424
1826
2214
2988
5084
3313
4459
8290
5929
7906
5103
6380
2638
3234
467
4458
2347
3188
5229
8941
6564
4014
1514
1180
5294
9280
2791
3422
827
8735
8511
7950
3721
3536
1888
6111
8081
4241
556
8291
3524
4395
1112
4693
5711
7724
4264
8546
558
9590
8380
9843
8718
3661
5882
2606
9420
5680
865
1478
2441
5723
4896
5223
4859
9753
827
6560
9991
4060
8318
4437
6421
6950
1210
7100
4764
7460
8874
8214
1541
9427
5435
536
4232
3246
9683
6745
5070
5379
9161
7907
8267
7811
2284
63
9347
8591
3689
7706
4914
4597
9999
6198
1803
8941
8822
1164
3246
6887
9142
861
3846
5798
2357
8561
4887
390
5677
7898
7725
3614
5893
1949
7473
4671
1903
3125
8329
5420
7338
4394
5559
7360
8600
7842
5521
4753
9394
7479
1652
4295
4548
5032
3312
8464
6425
4902
1564
2396
8150
8942
8369
2419
1145
4083
2822
7013
6393
3684
3193
156
6508
3678
1616
1946
4404
1798
1530
6313
93
9796
6127
2407
6767
3213
5770
9083
8557
7060
7246
4108
3494
8715
3805
5324
8263
9548
5228
2217
1303
1954
112
557
5237
8632
1362
2052
4224
2839
4796
5391
8835
7944
23
9027
3419
8441
798
4468
92
794
1091
2071
4152
7182
1432
2945
2042
3298
9109
7696
606
6148
4369
2083
6711
9762
7572
3672
1625
9804
3719
1662
858
5549
6981
3091
8818
2650
764
3383
4624
9086
5496
6782
944
5202
5941
3152
5302
3045
4780
5606
8252
3659
2199
7741
313
471
3207
8599
7272
9203
6948
4052
6317
4516
2061
9936
3140
2725
2571
4248
4563
8677
9489
1170
6245
5068
2841
6128
5263
1916
2239
6020
2735
2591
118
8090
7848
5043
8574
3908
7284
606
9447
7905
2962
1825
9155
9913
8400
3655
8356
249
2785
1675
2353
6489
9083
6301
4127
5668
8908
1597
1843
3814
121
989
8280
9214
6398
6688
6143
9095
3020
7393
335
6601
1549
8996
2100
5605
4913
3093
9662
9408
2216
8866
7331
3363
9730
4579
9269
7291
558
2360
4176
5052
4821
53
6927
9262
3690
