1113
9025
9932
6964
858
5804
397
187
1876
1032
5350
4656
1354
9751
349
5892
3406
5982
8648
8239
8149
5286
3646
947
7771
9560
4475
4228
9227
4398
8117
6908
4998
2552
4895
558
3509
7823
777
7821
4630
1991
7719
4109
3603
7121
9593
9195
9128
3426
8721
7008
2346
9164
9510
2235
7393
6344
3012
5624
4438
8367
732
2334
2887
4625
8420
2203
2864
6956
3765
1548
1966
9387
3854
9293
6700
7748
4769
3040
8823
1392
7356
9159
1881
4651
8568
3742
13
6822
1291
660
1610
7816
5709
3622
3186
6661
8986
5301
7522
6801
4222
905
747
9684
9727
8279
7183
2178
5481
908
3559
4779
1024
768
9154
1496
6577
5758
8589
2307
9537
3830
9206
3826
7678
7549
9599
3931
9570
9837
7831
9166
7994
8060
9843
2032
6022
6921
87
3841
2638
1417
5974
2073
3941
5177
1449
1378
8226
3746
6512
3656
9029
1577
3717
8050
8280
403
1389
1481
7936
6103
4717
5061
8111
1941
6225
9752
6018
2130
3289
7349
1710
3982
1127
8398
207
5069
9347
1109
5343
9004
2054
6089
1163
1017
5534
5293
895
3016
6
7973
7687
592
2959
8502
7825
1081
2883
9347
4926
1533
1400
8666
9813
8752
3558
2029
5912
3587
8912
7536
9749
3001
5463
7670
5146
4781
6764
9248
567
976
9069
4032
1071
1517
2824
4930
9342
3730
2790
4421
9507
2942
5925
4994
1509
8991
5516
2110
6280
9500
9225
6349
6255
8972
9884
2333
8362
9535
2383
9607
7056
493
2146
3382
2312
1347
8768
2300
2763
5075
8278
379
4239
8705
6903
926
1370
5705
7912
6540
6990
7558
5093
3219
4899
8802
3405
2529
6657
9112
4277
6151
4020
4371
1396
8769
7567
7795
5947
9650
3391
6530
1579
806
7837
6669
8104
2304
1483
1612
255
5218
6849
2851
81
6095
5250
5912
3482
4036
1719
7661
5615
1871
4710
973
3423
4845
6796
1664
5060
4884
2993
8565
5189
9868
8779
6179
2122
9533
8049
717
6060
6872
7979
4810
3507
9402
4174
7734
4475
2699
9838
6516
9891
3959
5726
7087
3015
4170
9059
9646
9787
9929
2434
9423
6239
2533
6696
5893
5511
7547
4656
6896
8914
4124
9863
8554
5551
366
226
5440
6761
6252
3618
3745
2512
4545
5917
5040
9272
3985
1544
7616
8977
1371
8822
7221
9220
8831
1335
2045
6397
6895
4624
3894
7644
2561
2975
5375
2880
5909
3501
3070
1276
6359
8506
4042
227
8410
1441
1039
879
9606
8101
8932
3015
2257
1691
9635
8285
632
9626
591
7893
6771
3929
5396
9904
1546
563
2696
2984
7125
8194
2705
2919
3271
9772
4177
5702
7647
638
6331
7988
424
9611
8287
9765
8507
8103
6881
8582
100
8162
2374
3469
2420
496
9957
4407
503
770
1270
7036
6246
8483
5789
6252
2266
9009
479
3206
2061
7827
627
2526
73
1242
7450
7422
5037
1520
4325
6271
656
5152
3536
193
9619
7156
8480
947
4815
3047
4026
7493
8496
7553
6153
4889
9948
4171
6349
6994
9710
4713
3450
5114
5190
9902
4604
3249
5704
1887
2254
8082
1142
2386
1239
4762
3901
7355
5827
6370
5145
9795
456
1361
1192
5749
8555
8861
7648
8238
1266
9823
5885
8950
9470
7749
5245
893
8860
7343
3189
8529
8537
4798
5720
2156
2949
7226
3651
7180
1080
4847
6145
6249
3385
8405
4838
4089
6260
7932
2270
1289
3811
6434
7208
9766
7700
5219
2353
395
3025
1690
394
2954
273
3128
1573
7116
9739
6445
796
9948
1949
9206
793
8767
9838
9105
3778
3795
7231
6569
4075
831
1970
6724
9505
1166
8806
982
6838
4793
362
4688
9365
8724
4856
2604
2188
7105
585
5838
4672
7150
5638
9222
2607
8172
5774
6928
6564
4646
5392
3420
6252
2105
4940
8801
9105
2282
8410
791
8536
7914
1683
7746
7334
3112
1674
5798
6479
3011
9497
9342
8161
622
1341
9761
7864
922
8533
6471
4808
3714
5354
4564
4238
3722
1534
1504
588
206
8083
9191
6357
797
7476
8065
7334
3085
5172
5496
3492
9723
1902
4216
4158
7963
8955
3848
7197
3362
4521
9990
14
7278
7462
8931
4295
7697
3978
8700
1293
5
4023
8495
4650
3837
454
8991
8817
4760
3979
2851
1485
9880
9058
5501
3372
3941
4529
9227
1666
648
6689
3520
4953
5825
8331
44
44
1792
6223
9755
3681
7584
4447
4160
3067
8781
6813
7010
3512
9361
9904
8810
538
2952
9099
4073
3204
2741
5142
3784
7358
3837
8992
5773
6238
7973
5329
7645
5766
6980
2315
1355
4366
2629
6600
1462
3199
7625
1865
3262
7806
5582
39
3566
7658
2157
5801
5808
1434
1050
9718
2249
8892
2252
8601
9939
8199
8096
937
782
1066
3776
1376
5494
3758
2900
668
4424
2065
581
2519
3462
193
9061
4163
8950
8042
5059
727
3672
4100
3725
2862
3751
5683
5239
9190
8826
9675
497
7033
2788
1534
4983
3606
6699
3317
4101
2200
1273
5836
8438
6321
3880
8755
6588
2479
9680
6643
1816
639
2735
1420
4376
1513
4064
7050
4882
7914
463
8762
6831
7147
9350
9826
4712
2592
7043
7700
6712
7005
8018
2247
4521
6536
6160
4536
3703
8473
3353
1965
9288
219
3861
3517
9324
3215
7923
4400
7095
4227
3816
8998
1463
3889
163
6584
5389
6176
3497
2809
404
9254
8620
1635
6468
5
6287
5305
2795
1151
5846
135
9124
9404
7411
9365
3262
7785
1076
6858
1745
3963
3323
7562
7423
8100
6256
3924
9172
3780
2086
611
9762
7666
8241
4758
9862
3999
1965
1226
3276
9721
1439
3461
4006
8859
4483
6191
2776
88
6008
2935
2015
4414
3833
491
9193
4364
5946
5238
9511
6958
7245
325
1825
7494
7647
6649
2731
8787
1965
6708
1647
20
5686
7267
6960
6734
2966
4928
6403
7784
6452
7925
1030
3970
9172
5899
3080
9907
8092
9310
9285
7247
1747
9658
3236
8718
4874
4550
3646
6116
9925
5962
4637
2445
