1424
1267
2782
8779
927
5670
781
7935
2070
3431
7154
491
4023
8407
3623
4562
2867
2937
3495
2878
5127
7274
6275
3634
3703
9447
5078
3765
8231
3806
4502
6983
9872
1553
9839
283
8711
8150
6429
3576
8881
5202
6974
4326
1903
7761
297
2088
9836
9158
6691
5641
3558
1914
8425
9191
4314
4494
2445
6347
4853
9262
997
3699
3359
8840
141
2202
5844
3217
8586
6029
5164
5250
4630
6082
8450
6886
290
9526
167
3305
3168
459
6893
94
3490
5134
8426
5155
1948
5777
2945
8785
4481
5481
8763
5476
3116
3617
