82
312
557
568
592
641
890
1896
2153
2432
2559
2836
2930
2954
2965
3250
3489
4023
4375
4594
4674
5027
5590
5655
5766
5888
5903
6176
6971
7008
7044
7079
7183
7380
7410
7815
8007
8022
8161
8261
8446
8648
8876
8959
8963
9438
9745
9851
9877
9888
8807
8637
9314
6701
4045
2750
3010
1564
3653
8929
9503
2608
4903
4989
716
9288
2518
9922
2881
9264
55
7177
7980
9728
8389
1827
5230
6856
4874
2364
2833
5465
2510
1752
4083
3745
1708
9190
617
7064
8690
4949
3758
7443
3835
6368
716
6136
5919
2879
