0
0
1
1
1
2
4
7
12
18
21
21
24
26
26
28
28
31
32
34
39
40
42
44
47
48
51
52
55
58
58
65
66
73
74
76
77
78
79
81
83
83
84
85
85
89
91
99
99
101
108
108
109
113
116
117
118
118
120
122
126
128
134
135
138
141
144
145
146
146
153
156
159
159
162
163
165
167
168
168
171
174
182
184
185
185
187
188
188
189
192
194
200
204
207
207
208
209
210
210
211
212
212
216
217
217
218
223
224
226
227
227
228
229
231
231
232
233
234
236
236
243
244
246
246
248
251
254
255
256
259
259
260
260
261
264
265
268
269
274
275
277
278
279
281
286
287
287
288
290
291
293
294
297
301
302
305
305
306
311
313
317
317
318
323
323
323
324
328
328
330
331
333
334
336
337
340
341
345
345
346
350
350
352
355
359
362
363
367
374
376
377
378
385
388
389
390
394
396
396
397
397
398
398
400
402
403
404
404
408
409
410
411
415
416
416
418
419
421
421
424
430
430
430
433
433
434
434
439
439
443
444
448
450
452
454
456
458
462
470
473
473
476
478
483
485
486
488
489
489
490
491
492
495
496
496
499
499
500
501
502
502
503
506
510
513
529
534
536
540
541
541
544
544
552
552
553
554
558
560
562
574
576
577
578
578
578
580
583
583
584
595
595
597
605
608
608
609
621
624
625
626
626
628
628
630
632
633
637
640
645
654
655
655
657
658
662
665
665
666
668
669
672
672
679
687
688
688
698
699
699
701
704
707
708
713
713
718
719
720
721
728
729
730
732
732
732
733
736
736
737
738
741
742
743
744
744
749
754
756
759
759
761
762
763
765
769
770
773
773
778
789
790
791
793
794
797
799
803
806
809
810
810
810
813
814
817
818
822
823
827
831
831
832
833
837
837
839
839
847
850
851
852
853
855
856
858
859
860
861
862
871
872
873
874
876
877
880
883
884
885
889
890
890
890
890
891
892
895
897
901
902
902
906
906
908
909
909
910
910
912
913
920
921
922
923
923
924
926
927
928
929
929
930
931
933
934
935
937
941
943
946
948
948
948
948
949
950
951
954
955
963
963
966
967
968
969
973
973
976
976
976
978
979
982
983
984
987
989
989
994
995
996
997
1002
1005
1009
1017
1017
1018
1018
1019
1020
1024
1024
1024
1025
1026
1037
1038
1041
1042
1042
1043
1043
1044
1046
1046
1048
1050
1052
1053
1056
1057
1057
1060
1060
1061
1063
1063
1066
1069
1069
1070
1070
1071
1072
1074
1074
1075
1078
1078
1079
1083
1084
1086
1091
1094
1096
1096
1099
1100
1101
1103
1105
1106
1109
1109
1109
1110
1112
1115
1116
1117
1118
1119
1119
1122
1123
1123
1129
1132
1132
1133
1133
1134
1135
1135
1137
1137
1139
1142
1143
1148
1149
1151
1151
1154
1154
1154
1155
1155
1156
1160
1161
1170
1172
1172
1173
1175
1182
1186
1186
1186
1189
1190
1191
1192
1194
1199
1203
1203
1204
1213
1216
1217
1224
1226
1226
1229
1231
1234
1241
1246
1250
1250
1257
1261
1263
1270
1276
1276
1277
1278
1279
1279
1280
1281
1281
1294
1295
1298
1298
1303
1305
1309
1309
1310
1314
1315
1317
1322
1323
1324
1324
1325
1326
1327
1327
1329
1330
1334
1334
1336
1338
1339
1342
1348
1348
1350
1350
1351
1352
1353
1353
1355
1356
1362
1366
1374
1388
1388
1388
1389
1391
1391
1395
1396
1404
1405
1408
1408
1409
1415
1419
1420
1420
1420
1426
1427
1429
1431
1432
1432
1437
1440
1441
1441
1442
1442
1443
1443
1444
1453
1455
1458
1461
1465
1466
1470
1474
1474
1481
1482
1487
1491
1492
1494
1496
1501
1501
1502
1505
1505
1508
1509
1509
1512
1512
1515
1516
1517
1518
1522
1523
1526
1528
1534
1534
1538
1542
1542
1542
1544
1546
1546
1547
1549
1550
1553
1557
1557
1558
1561
1561
1564
1567
1567
1569
1570
1575
1578
1580
1583
1589
1591
1594
1595
1595
1600
1600
1602
1606
1614
1614
1614
1616
1616
1616
1618
1622
1626
1631
1638
1639
1640
1648
1652
1653
1660
1662
1663
1663
1664
1667
1668
1672
1673
1673
1675
1677
1680
1682
1684
1685
1688
1692
1694
1694
1695
1702
1703
1703
1704
1707
1710
1711
1716
1719
1720
1720
1721
1725
1726
1726
1727
1743
1748
1749
1749
1750
1753
1754
1755
1757
1758
1759
1761
1761
1761
1762
1763
1770
1771
1773
1775
1775
1777
1783
1790
1793
1793
1794
1795
1797
1801
1803
1809
1812
1812
1812
1818
1818
1819
1822
1826
1829
1830
1830
1831
1835
1835
1837
1839
1842
1846
1849
1850
1856
1859
1860
1860
1863
1863
1870
1871
1872
1876
1876
1876
1879
1881
1882
1882
1883
1887
1888
1894
1897
1904
1904
1905
1906
1906
1907
1908
1911
1912
1912
1913
1914
1915
1916
1918
1919
1920
1921
1921
1926
1929
1931
1932
1933
1934
1935
1935
1936
1936
1937
1937
1940
1942
1945
1946
1948
1950
1954
1958
1962
1963
1966
1967
1975
1977
1977
1978
1980
1981
1982
1985
1990
1991
1992
1995
1998
2002
2003
2004
2004
2005
2010
2014
2020
2022
2024
2028
2028
2028
2030
2034
2038
2043
2047
2047
2048
2049
2049
2050
2051
2052
2062
2064
2065
2072
2073
2073
2075
2075
2077
2081
2082
2082
2086
2087
2088
2091
2093
2094
2094
2099
2099
2102
2109
2110
2112
2115
2117
2117
2120
2121
2122
2123
2126
2129
2131
2132
2132
2133
2134
2135
2137
2137
2137
2141
2144
2145
2145
2146
2149
2150
2151
2154
2163
2166
2166
2167
2167
2172
2176
2176
2178
2180
2182
2190
2193
2193
2195
2197
2198
2200
2201
2204
2205
2205
2205
2210
2212
2214
2215
2218
2220
2223
2226
2227
2230
2231
2233
2235
2238
2240
2243
2244
2247
2249
2252
2252
2256
2263
2269
2270
2272
2275
2276
2277
2280
2280
2283
2283
2286
2291
2294
2298
2299
2299
2302
2304
2308
2310
2314
2317
2320
2321
2325
2325
2328
2328
2330
2332
2332
2334
2335
2335
2335
2340
2341
2345
2347
2350
2356
2359
2359
2360
2360
2362
2364
2364
2366
2367
2367
2369
2369
2370
2371
2373
2380
2380
2383
2385
2388
2390
2393
2393
2394
2394
2395
2395
2396
2399
2400
2401
2403
2406
2407
2407
2408
2408
2413
2419
2422
2432
2432
2438
2445
2445
2446
2447
2449
2449
2449
2457
2460
2462
2464
2464
2469
2470
2472
2472
2473
2477
2479
2479
2480
2481
2481
2484
2484
2485
2487
2488
2488
2489
2489
2491
2491
2494
2495
2496
2499
2504
2506
2506
2512
2512
2514
2518
2519
2519
2520
2523
2524
2526
2527
2528
2528
2528
2529
2530
2532
2533
2534
2535
2536
2538
2539
2542
2544
2549
2549
2551
2552
2558
2565
2565
2565
2567
2571
2572
2574
2574
2575
2576
2576
2577
2580
2582
2583
2587
2588
2591
2595
2600
2604
2607
2610
2613
2615
2616
2616
2618
2619
2619
2621
2622
2622
2623
2623
2625
2625
2626
2626
2640
2644
2645
2646
2647
2648
2651
2652
2654
2655
2656
2657
2657
2659
2659
2660
2664
2669
2671
2674
2674
2675
2675
2677
2678
2683
2685
2686
2693
2694
2696
2696
2696
2703
2703
2704
2712
2714
2715
2715
2719
2723
2725
2726
2727
2729
2729
2730
2731
2731
2735
2735
2738
2743
2745
2746
2746
2747
2751
2752
2752
2754
2756
2762
2765
2766
2769
2775
2775
2778
2779
2779
2781
2782
2783
2784
2785
2785
2786
2786
2789
2793
2795
2795
2801
2801
2802
2802
2802
2802
2811
2812
2813
2814
2815
2815
2824
2824
2826
2826
2827
2835
2837
2839
2845
2846
2847
2847
2848
2848
2849
2850
2852
2854
2855
2858
2859
2860
2861
2862
2865
2865
2865
2865
2866
2866
2869
2871
2874
2876
2877
2878
2879
2882
2884
2886
2887
2891
2891
2894
2894
2894
2897
2897
2897
2902
2903
2903
2905
2908
2908
2909
2913
2914
2915
2916
2921
2921
2922
2931
2933
2934
2936
2939
2940
2941
2943
2947
2948
2949
2952
2954
2955
2960
2962
2966
2967
2968
2970
2970
2973
2974
2977
2981
2983
2985
2985
2986
2986
2988
2989
2989
2989
2996
2998
2999
3002
3003
3003
3005
3009
3010
3011
3012
3013
3016
3019
3027
3031
3033
3041
3044
3044
3047
3051
3052
3053
3061
3062
3064
3067
3069
3070
3070
3071
3075
3078
3080
3086
3087
3090
3090
3092
3093
3097
3101
3101
3102
3104
3104
3105
3105
3106
3106
3107
3108
3110
3113
3118
3118
3118
3119
3121
3124
3126
3126
3128
3129
3130
3132
3132
3135
3141
3142
3143
3146
3147
3150
3154
3154
3159
3159
3160
3164
3167
3171
3172
3177
3178
3179
3181
3183
3185
3188
3188
3194
3194
3195
3198
3199
3203
3203
3205
3208
3212
3212
3212
3214
3216
3217
3217
3218
3223
3227
3227
3233
3234
3237
3238
3243
3244
3244
3245
3246
3248
3248
3249
3251
3252
3254
3254
3255
3257
3258
3258
3260
3262
3266
3267
3269
3275
3276
3280
3281
3281
3293
3294
3295
3295
3299
3307
3309
3312
3314
3314
3315
3317
3317
3317
3320
3320
3321
3328
3331
3332
3334
3338
3342
3343
3343
3344
3344
3345
3345
3346
3348
3348
3349
3353
3358
3360
3361
3364
3368
3370
3372
3373
3374
3375
3375
3375
3377
3378
3379
3379
3384
3385
3387
3388
3388
3390
3391
3398
3399
3400
3407
3414
3414
3420
3423
3429
3430
3430
3433
3434
3434
3437
3439
3441
3442
3443
3448
3449
3453
3456
3463
3469
3471
3473
3481
3482
3484
3484
3484
3487
3488
3492
3495
3495
3496
3498
3499
3503
3505
3508
3515
3518
3526
3527
3533
3535
3541
3542
3542
3542
3550
3555
3555
3556
3560
3560
3562
3562
3563
3563
3571
3573
3573
3573
3578
3584
3585
3592
3593
3594
3595
3595
3596
3600
3601
3603
3604
3605
3606
3612
3613
3615
3617
3617
3624
3627
3629
3630
3631
3633
3633
3636
3636
3644
3645
3649
3652
3652
3658
3661
3662
3663
3663
3666
3666
3667
3667
3667
3669
3670
3671
3673
3684
3684
3684
3685
3686
3688
3690
3690
3691
3692
3695
3698
3698
3698
3698
3701
3707
3712
3712
3713
3715
3715
3717
3721
3722
3723
3729
3729
3731
3732
3732
3732
3735
3737
3737
3739
3739
3739
3742
3743
3743
3745
3745
3752
3753
3758
3759
3762
3764
3764
3766
3766
3766
3766
3770
3774
3774
3777
3785
3785
3786
3791
3803
3805
3808
3810
3812
3814
3818
3818
3821
3821
3823
3824
3825
3825
3826
3826
3832
3832
3833
3834
3838
3842
3844
3844
3846
3849
3850
3851
3857
3860
3862
3864
3868
3869
3874
3876
3877
3880
3881
3882
3883
3883
3883
3885
3890
3890
3897
3901
3901
3902
3906
3909
3912
3913
3917
3918
3919
3922
3925
3926
3926
3928
3929
3931
3934
3934
3935
3937
3938
3938
3943
3943
3943
3944
3944
3946
3946
3946
3948
3957
3959
3960
3961
3965
3966
3967
3968
3969
3970
3970
3972
3975
3976
3980
3984
3984
3985
3986
3986
3987
3990
3996
3997
3997
3998
3998
3998
4000
4002
4006
4007
4014
4015
4017
4018
4020
4021
4022
4022
4023
4023
4025
4025
4025
4026
4027
4027
4028
4029
4030
4031
4033
4034
4035
4036
4036
4037
4039
4039
4040
4044
4048
4050
4052
4052
4055
4056
4061
4063
4064
4069
4073
4074
4076
4077
4077
4077
4079
4080
4081
4081
4084
4087
4089
4090
4090
4093
4095
4095
4097
4099
4101
4108
4108
4111
4112
4113
4113
4114
4115
4115
4116
4118
4119
4123
4124
4124
4127
4129
4130
4131
4132
4134
4136
4137
4137
4139
4139
4141
4148
4153
4155
4155
4159
4162
4162
4163
4163
4163
4165
4175
4177
4178
4178
4180
4191
4192
4192
4192
4192
4197
4200
4201
4202
4202
4203
4206
4208
4210
4210
4211
4211
4213
4216
4217
4218
4221
4221
4225
4226
4230
4230
4236
4236
4240
4241
4244
4245
4248
4248
4249
4252
4254
4258
4259
4263
4265
4265
4268
4269
4270
4271
4273
4274
4277
4287
4288
4288
4289
4290
4293
4294
4297
4298
4298
4299
4303
4304
4309
4309
4310
4314
4317
4318
4318
4320
4322
4322
4323
4324
4324
4325
4325
4329
4331
4333
4335
4337
4340
4340
4340
4340
4344
4350
4355
4358
4359
4363
4364
4365
4370
4372
4373
4376
4379
4382
4385
4390
4391
4393
4394
4398
4399
4400
4402
4405
4408
4408
4409
4410
4411
4411
4412
4413
4415
4418
4418
4420
4429
4430
4435
4435
4436
4436
4437
4439
4439
4441
4445
4449
4449
4450
4453
4454
4456
4458
4463
4465
4470
4476
4479
4481
4482
4482
4483
4483
4485
4486
4487
4487
4488
4490
4490
4491
4491
4495
4495
4496
4497
4497
4501
4502
4503
4505
4506
4507
4508
4510
4511
4511
4511
4512
4514
4516
4517
4519
4522
4525
4526
4527
4527
4530
4530
4530
4532
4533
4533
4534
4539
4540
4541
4545
4548
4549
4550
4551
4553
4556
4557
4560
4562
4566
4567
4570
4572
4572
4574
4579
4580
4581
4582
4583
4585
4586
4588
4591
4592
4603
4603
4606
4606
4608
4610
4612
4612
4613
4614
4620
4623
4623
4623
4624
4624
4625
4635
4640
4641
4645
4646
4647
4649
4652
4653
4654
4657
4663
4664
4667
4668
4668
4670
4676
4677
4683
4685
4685
4688
4693
4693
4693
4693
4694
4695
4696
4697
4698
4699
4701
4701
4702
4702
4703
4704
4704
4708
4708
4713
4713
4713
4715
4716
4718
4718
4723
4726
4731
4731
4732
4733
4735
4735
4735
4737
4738
4740
4743
4744
4744
4747
4750
4751
4754
4757
4759
4761
4764
4764
4768
4769
4771
4775
4776
4779
4788
4789
4791
4793
4794
4801
4802
4802
4803
4808
4809
4810
4814
4814
4817
4817
4817
4818
4821
4823
4826
4827
4828
4829
4830
4833
4838
4839
4839
4841
4846
4847
4848
4849
4852
4859
4859
4859
4862
4864
4864
4865
4865
4865
4866
4866
4867
4870
4872
4876
4879
4880
4883
4884
4886
4886
4895
4897
4898
4898
4899
4902
4905
4905
4906
4916
4919
4923
4924
4925
4925
4926
4928
4929
4931
4936
4939
4942
4943
4946
4946
4952
4952
4957
4959
4961
4962
4964
4969
4971
4973
4973
4975
4979
4980
4982
4991
4992
4998
5002
5003
5003
5004
5005
5010
5013
5018
5019
5020
5022
5022
5023
5024
5024
5025
5029
5031
5031
5033
5035
5036
5043
5046
5047
5047
5048
5050
5052
5053
5059
5060
5060
5065
5066
5066
5076
5076
5078
5079
5079
5082
5082
5083
5084
5089
5089
5090
5091
5092
5092
5096
5098
5099
5101
5105
5105
5111
5116
5116
5118
5120
5120
5121
5123
5123
5127
5128
5133
5134
5137
5138
5144
5145
5146
5152
5155
5156
5162
5164
5168
5168
5169
5170
5176
5177
5178
5178
5178
5185
5186
5191
5191
5192
5193
5193
5195
5198
5199
5201
5202
5203
5204
5208
5210
5211
5214
5214
5215
5215
5215
5219
5220
5220
5223
5226
5226
5229
5235
5235
5237
5241
5243
5244
5248
5249
5252
5253
5253
5253
5253
5254
5255
5257
5258
5259
5259
5261
5265
5265
5268
5268
5268
5272
5273
5275
5276
5276
5278
5278
5283
5285
5285
5285
5288
5289
5290
5292
5293
5294
5294
5295
5301
5307
5310
5311
5311
5312
5313
5314
5315
5316
5319
5320
5322
5322
5323
5324
5326
5327
5327
5334
5337
5337
5338
5340
5342
5343
5343
5349
5350
5350
5351
5353
5353
5361
5366
5366
5367
5371
5372
5375
5375
5375
5377
5378
5383
5383
5384
5387
5395
5395
5397
5399
5400
5408
5409
5411
5412
5417
5417
5420
5420
5421
5425
5425
5425
5426
5426
5427
5432
5433
5434
5434
5437
5439
5443
5444
5446
5448
5452
5453
5461
5461
5462
5463
5463
5465
5466
5467
5470
5477
5479
5481
5483
5483
5484
5485
5485
5490
5490
5492
5494
5495
5501
5502
5505
5514
5516
5519
5519
5520
5523
5524
5526
5526
5530
5541
5542
5542
5543
5544
5545
5545
5546
5547
5549
5549
5550
5555
5556
5559
5560
5562
5566
5570
5572
5575
5580
5580
5581
5582
5586
5594
5599
5601
5607
5608
5610
5612
5612
5612
5613
5614
5616
5618
5618
5622
5622
5625
5625
5626
5636
5641
5642
5645
5646
5648
5649
5649
5652
5654
5655
5656
5659
5662
5662
5665
5667
5667
5669
5669
5672
5672
5672
5674
5674
5678
5679
5680
5682
5682
5684
5684
5685
5685
5688
5689
5690
5690
5692
5694
5694
5695
5698
5699
5700
5702
5703
5707
5707
5711
5712
5713
5714
5714
5715
5716
5717
5718
5720
5720
5722
5725
5726
5733
5737
5738
5743
5748
5752
5759
5762
5766
5767
5767
5769
5775
5776
5780
5783
5787
5787
5790
5792
5794
5797
5798
5799
5802
5802
5805
5809
5811
5813
5815
5817
5822
5822
5822
5825
5826
5827
5830
5830
5835
5835
5836
5837
5839
5842
5843
5843
5844
5846
5848
5850
5851
5858
5860
5860
5866
5868
5870
5871
5871
5874
5875
5881
5881
5883
5884
5886
5890
5892
5894
5894
5901
5905
5908
5911
5914
5916
5916
5920
5926
5927
5930
5930
5931
5932
5933
5939
5942
5942
5942
5955
5956
5956
5959
5960
5961
5963
5966
5966
5966
5966
5966
5967
5967
5971
5973
5974
5975
5976
5977
5979
5979
5982
5984
5985
5987
5989
5991
5992
5992
5995
5996
5997
5999
6005
6005
6005
6009
6010
6012
6012
6017
6017
6017
6020
6020
6026
6027
6034
6037
6038
6041
6042
6044
6045
6047
6049
6051
6052
6056
6059
6061
6064
6065
6065
6067
6069
6071
6073
6073
6074
6080
6082
6086
6090
6094
6094
6095
6100
6101
6102
6102
6104
6105
6108
6109
6112
6114
6115
6116
6118
6118
6120
6121
6122
6123
6124
6125
6130
6130
6135
6138
6141
6143
6143
6143
6144
6146
6149
6150
6153
6154
6156
6158
6158
6159
6161
6161
6170
6170
6173
6173
6176
6179
6183
6184
6188
6189
6189
6192
6194
6194
6196
6196
6203
6204
6205
6208
6209
6210
6212
6212
6213
6213
6214
6215
6215
6215
6218
6218
6219
6222
6224
6229
6230
6231
6234
6239
6242
6243
6248
6248
6248
6249
6252
6255
6255
6255
6256
6258
6261
6261
6261
6262
6264
6265
6266
6268
6269
6272
6272
6274
6274
6277
6284
6285
6290
6294
6295
6297
6299
6302
6304
6305
6305
6306
6307
6308
6308
6308
6311
6315
6315
6316
6317
6320
6321
6321
6321
6322
6324
6328
6329
6332
6333
6336
6339
6339
6340
6340
6342
6345
6346
6346
6347
6351
6352
6355
6356
6357
6357
6357
6358
6360
6361
6363
6365
6367
6368
6369
6373
6374
6374
6374
6376
6379
6380
6384
6386
6386
6386
6388
6391
6392
6392
6394
6396
6399
6404
6405
6406
6409
6410
6411
6413
6414
6415
6417
6417
6421
6422
6425
6426
6426
6427
6428
6429
6430
6431
6432
6432
6433
6436
6438
6439
6444
6445
6454
6457
6457
6461
6465
6467
6469
6477
6481
6482
6484
6485
6486
6486
6487
6487
6490
6490
6490
6492
6494
6496
6496
6497
6498
6500
6501
6504
6506
6510
6513
6514
6520
6521
6527
6530
6536
6536
6539
6544
6545
6546
6550
6550
6556
6557
6557
6559
6562
6562
6564
6564
6566
6566
6572
6574
6575
6577
6577
6579
6581
6581
6582
6582
6583
6586
6588
6596
6597
6597
6606
6616
6616
6616
6617
6621
6624
6624
6630
6630
6632
6632
6634
6637
6638
6639
6639
6643
6645
6647
6650
6651
6651
6651
6651
6655
6655
6660
6662
6663
6663
6664
6665
6666
6672
6673
6681
6683
6683
6689
6691
6692
6693
6695
6699
6703
6707
6709
6710
6713
6714
6723
6729
6731
6734
6737
6741
6746
6751
6755
6762
6763
6764
6766
6771
6774
6776
6776
6776
6776
6783
6787
6792
6792
6792
6794
6795
6796
6796
6797
6808
6809
6810
6815
6818
6823
6824
6825
6827
6830
6832
6839
6842
6843
6844
6849
6850
6853
6856
6856
6856
6856
6857
6858
6860
6860
6868
6871
6873
6874
6876
6876
6876
6878
6879
6881
6882
6884
6888
6893
6895
6896
6898
6899
6900
6904
6910
6910
6910
6911
6915
6916
6918
6921
6923
6923
6925
6925
6927
6928
6930
6934
6938
6939
6941
6941
6943
6944
6944
6948
6949
6950
6950
6952
6954
6954
6954
6954
6954
6956
6958
6964
6965
6965
6967
6967
6970
6974
6979
6980
6980
6981
6983
6985
6986
6987
6990
6991
6993
6994
6999
7000
7001
7002
7005
7013
7018
7019
7023
7023
7023
7031
7032
7032
7032
7038
7039
7039
7040
7044
7045
7048
7049
7052
7053
7053
7054
7056
7058
7061
7061
7066
7068
7069
7070
7071
7072
7073
7074
7076
7078
7078
7080
7082
7083
7084
7085
7088
7088
7090
7094
7097
7097
7098
7098
7101
7101
7102
7106
7107
7110
7111
7111
7113
7117
7117
7117
7117
7121
7122
7122
7124
7124
7126
7127
7130
7132
7133
7133
7133
7136
7137
7139
7140
7143
7144
7148
7149
7150
7154
7159
7160
7161
7162
7164
7165
7168
7172
7176
7181
7186
7187
7189
7195
7197
7197
7197
7201
7201
7201
7204
7210
7217
7217
7217
7218
7221
7222
7225
7226
7226
7228
7228
7228
7233
7234
7235
7237
7239
7240
7243
7245
7247
7254
7254
7257
7257
7262
7263
7264
7265
7266
7266
7269
7272
7273
7274
7276
7279
7280
7287
7289
7290
7293
7293
7294
7295
7297
7299
7302
7304
7305
7306
7307
7308
7309
7314
7315
7317
7319
7322
7324
7325
7325
7326
7328
7328
7329
7330
7331
7332
7332
7334
7335
7337
7337
7337
7340
7344
7344
7345
7347
7348
7350
7351
7354
7357
7362
7362
7363
7366
7367
7367
7369
7372
7373
7375
7377
7378
7381
7382
7383
7387
7387
7389
7393
7395
7403
7404
7404
7408
7408
7409
7410
7410
7412
7412
7412
7413
7413
7415
7416
7419
7425
7430
7432
7437
7438
7440
7440
7441
7441
7444
7446
7450
7450
7450
7452
7454
7455
7459
7462
7462
7466
7467
7469
7470
7473
7475
7479
7481
7487
7488
7489
7491
7492
7493
7496
7497
7497
7501
7502
7505
7507
7509
7509
7511
7516
7516
7521
7521
7521
7525
7526
7527
7528
7529
7530
7532
7532
7537
7539
7539
7540
7541
7542
7545
7547
7547
7547
7552
7552
7554
7554
7561
7564
7565
7565
7568
7572
7574
7575
7578
7578
7578
7579
7579
7581
7582
7582
7585
7586
7586
7590
7591
7592
7592
7592
7594
7600
7600
7601
7601
7605
7606
7606
7609
7609
7612
7615
7616
7616
7617
7618
7618
7620
7623
7627
7628
7628
7629
7630
7635
7638
7641
7643
7643
7643
7645
7648
7648
7653
7654
7657
7660
7664
7664
7667
7668
7670
7670
7670
7671
7672
7673
7675
7676
7676
7677
7677
7683
7688
7689
7690
7699
7699
7700
7706
7706
7708
7715
7716
7719
7720
7721
7721
7722
7722
7723
7724
7726
7732
7732
7734
7734
7737
7739
7743
7747
7753
7753
7754
7759
7764
7764
7764
7765
7768
7769
7769
7770
7772
7776
7778
7780
7786
7788
7789
7790
7795
7799
7802
7804
7805
7806
7807
7810
7811
7818
7820
7821
7821
7824
7825
7828
7830
7834
7835
7838
7843
7847
7852
7852
7853
7856
7858
7860
7860
7864
7872
7877
7878
7880
7881
7881
7883
7885
7885
7889
7892
7893
7893
7895
7901
7903
7905
7906
7906
7909
7910
7912
7915
7915
7916
7916
7917
7922
7922
7924
7926
7926
7927
7930
7931
7931
7934
7939
7940
7945
7948
7951
7958
7959
7961
7961
7964
7964
7965
7976
7977
7980
7981
7982
7985
7986
7986
7988
7989
7992
7994
7998
7999
8000
8001
8001
8001
8004
8005
8006
8009
8012
8013
8015
8017
8019
8020
8020
8021
8022
8022
8024
8037
8037
8037
8038
8039
8042
8044
8046
8048
8048
8049
8051
8052
8056
8060
8061
8062
8063
8066
8067
8069
8071
8073
8076
8079
8080
8085
8087
8088
8089
8089
8090
8094
8095
8099
8099
8101
8103
8105
8108
8109
8109
8115
8118
8122
8123
8125
8125
8132
8132
8133
8136
8138
8140
8143
8149
8152
8155
8156
8158
8162
8162
8163
8165
8166
8170
8172
8173
8174
8176
8178
8178
8182
8182
8183
8184
8185
8186
8186
8187
8192
8195
8195
8196
8198
8198
8199
8200
8206
8207
8208
8209
8215
8225
8226
8229
8233
8234
8237
8238
8238
8238
8238
8239
8240
8241
8241
8242
8244
8245
8249
8252
8253
8256
8257
8257
8257
8257
8261
8261
8263
8266
8267
8268
8282
8284
8285
8288
8289
8291
8294
8295
8299
8299
8299
8301
8303
8303
8304
8309
8309
8312
8312
8316
8316
8321
8329
8330
8332
8332
8333
8335
8340
8341
8344
8344
8348
8351
8354
8359
8362
8363
8365
8368
8369
8369
8372
8375
8381
8382
8383
8385
8386
8386
8392
8393
8394
8395
8396
8399
8400
8401
8401
8404
8404
8405
8408
8409
8414
8424
8425
8425
8428
8428
8428
8429
8430
8430
8438
8439
8440
8440
8440
8442
8442
8442
8451
8457
8458
8460
8460
8461
8462
8463
8463
8464
8465
8465
8465
8465
8467
8467
8469
8471
8475
8477
8486
8488
8489
8490
8494
8494
8500
8501
8502
8505
8505
8509
8509
8510
8511
8511
8513
8515
8517
8518
8519
8519
8520
8521
8522
8523
8524
8526
8527
8528
8531
8533
8533
8536
8537
8541
8543
8544
8550
8553
8554
8556
8560
8562
8563
8565
8566
8567
8567
8567
8568
8572
8578
8578
8579
8584
8585
8586
8586
8589
8589
8591
8591
8591
8594
8596
8597
8601
8602
8605
8608
8615
8615
8616
8620
8620
8623
8623
8625
8625
8626
8627
8629
8632
8636
8637
8646
8652
8655
8656
8656
8657
8658
8666
8667
8667
8668
8669
8677
8680
8684
8685
8687
8689
8690
8691
8695
8695
8696
8698
8707
8711
8712
8715
8716
8717
8719
8721
8722
8727
8731
8736
8737
8737
8739
8739
8741
8746
8746
8749
8754
8754
8755
8757
8761
8763
8764
8766
8768
8770
8773
8773
8774
8777
8780
8780
8781
8782
8783
8783
8785
8787
8787
8787
8789
8791
8793
8794
8795
8795
8797
8797
8797
8798
8799
8800
8801
8801
8808
8808
8809
8810
8811
8812
8814
8815
8816
8820
8825
8826
8826
8829
8831
8832
8836
8848
8851
8855
8857
8866
8866
8876
8881
8884
8885
8886
8887
8892
8894
8894
8897
8899
8899
8901
8904
8910
8914
8914
8914
8917
8920
8922
8924
8925
8925
8926
8928
8929
8929
8933
8934
8935
8937
8938
8939
8942
8945
8946
8949
8952
8954
8955
8956
8960
8964
8968
8969
8969
8969
8975
8978
8978
8978
8978
8979
8982
8983
8983
8984
8985
8985
8988
8995
8995
8999
9001
9003
9006
9008
9009
9011
9013
9019
9021
9022
9023
9023
9025
9025
9028
9029
9037
9041
9042
9049
9050
9052
9053
9053
9053
9054
9054
9056
9058
9058
9060
9062
9063
9064
9065
9065
9066
9070
9071
9072
9072
9073
9073
9076
9078
9081
9081
9081
9085
9094
9099
9104
9106
9106
9108
9114
9114
9114
9114
9118
9121
9121
9123
9124
9125
9127
9129
9130
9131
9132
9132
9133
9134
9137
9139
9143
9143
9146
9149
9151
9153
9154
9154
9156
9157
9160
9165
9165
9167
9169
9170
9171
9171
9171
9171
9174
9176
9177
9178
9179
9180
9187
9192
9196
9196
9198
9198
9203
9204
9206
9210
9210
9216
9217
9222
9222
9225
9227
9228
9232
9237
9238
9251
9251
9252
9253
9253
9254
9256
9260
9262
9262
9264
9267
9268
9269
9269
9270
9272
9274
9279
9280
9281
9281
9282
9283
9283
9285
9285
9285
9285
9289
9294
9300
9301
9303
9304
9311
9311
9316
9316
9317
9322
9326
9327
9329
9329
9329
9332
9334
9334
9334
9335
9336
9339
9341
9342
9344
9344
9345
9345
9347
9351
9351
9353
9353
9357
9362
9365
9367
9368
9372
9374
9377
9384
9385
9385
9394
9394
9395
9396
9398
9400
9401
9403
9404
9409
9409
9410
9410
9411
9414
9417
9430
9433
9441
9442
9443
9447
9448
9449
9450
9456
9456
9457
9457
9459
9459
9459
9462
9464
9476
9481
9487
9488
9490
9490
9492
9493
9494
9495
9497
9498
9499
9501
9504
9507
9511
9512
9513
9515
9520
9523
9529
9532
9532
9533
9537
9542
9543
9547
9548
9556
9559
9560
9563
9565
9569
9572
9576
9578
9578
9578
9578
9582
9582
9584
9586
9587
9587
9588
9588
9591
9596
9596
9596
9596
9599
9600
9600
9607
9609
9610
9611
9611
9615
9620
9620
9620
9622
9622
9623
9631
9631
9632
9633
9634
9635
9635
9635
9635
9642
9645
9649
9652
9653
9655
9657
9659
9662
9664
9667
9668
9669
9671
9672
9673
9673
9674
9676
9676
9678
9684
9684
9685
9685
9689
9691
9692
9695
9701
9702
9704
9706
9707
9708
9711
9711
9712
9713
9713
9715
9715
9716
9719
9721
9722
9723
9724
9729
9732
9733
9735
9736
9740
9742
9743
9743
9747
9751
9753
9758
9758
9762
9765
9767
9768
9769
9769
9772
9773
9776
9780
9782
9783
9785
9788
9790
9791
9792
9792
9793
9793
9795
9797
9798
9799
9800
9804
9807
9807
9808
9810
9811
9813
9814
9816
9816
9819
9823
9824
9825
9827
9831
9833
9835
9836
9836
9838
9842
9842
9846
9847
9847
9848
9857
9861
9861
9864
9866
9868
9875
9878
9879
9879
9884
9885
9885
9887
9888
9888
9893
9894
9894
9904
9918
9918
9926
9927
9928
9929
9932
9934
9935
9937
9938
9940
9941
9941
9944
9945
9949
9951
9960
9961
9963
9966
9967
9967
9968
9971
9973
9974
9974
9975
9977
9978
9978
9979
9985
9991
9994
9997
3060
4473
5318
1467
3835
2022
9182
1570
6020
5902
6903
9146
5763
8363
2048
7364
6963
3558
4967
5042
1047
9592
1450
4763
8595
7588
8403
2193
2723
6385
3057
4745
2223
8864
6623
1619
1656
6732
9154
515
5092
2051
8688
5145
8520
3138
7095
2259
1755
6152
1434
3002
5888
4801
5216
7055
8670
1259
2609
6491
4210
1102
2230
1501
9226
7216
9341
3832
8520
4473
6162
2363
3914
3685
2698
853
2852
8951
8505
4998
4059
3808
5416
1306
7689
4820
1677
2174
319
4677
6821
5298
9089
9263
9409
2383
4549
8310
2454
38
6362
4921
9405
7059
808
1510
1213
9184
716
7850
1263
3761
3341
7307
2346
3164
7034
7563
6799
9275
5635
9415
7017
2877
3653
3679
7387
2695
5245
8518
5179
3152
7777
8180
4883
5751
2778
7267
5294
2198
1577
1219
411
9945
525
6721
3253
3612
8004
7631
3448
67
8928
7975
3299
4084
8391
7792
2036
3013
9605
7809
5024
1617
2410
7941
2109
2825
3533
8579
9343
7133
9082
6808
615
1504
4010
8186
9826
7893
2668
2261
6626
5558
90
6734
8527
749
9494
7499
7052
2429
883
2919
3109
4353
9693
7223
7526
73
876
9735
6675
9425
2911
2320
7274
5478
4625
8555
4187
6074
1040
9514
562
9043
3851
8860
8618
1063
2840
1957
1048
3781
6142
8558
3262
3431
1384
6905
8549
8738
6743
6539
4874
9365
2384
3999
8018
1182
2251
6958
8638
3420
3042
9668
393
6228
6788
8710
3760
8983
1674
2393
7081
1270
7197
7219
2792
42
2647
7904
5104
8396
7990
3654
6114
869
1240
6845
1177
375
9978
2778
7327
2715
6830
669
9836
1177
4371
7820
3730
1882
6856
3928
5463
1741
2529
997
8311
1148
2412
1394
1149
8687
7943
6474
2633
3758
4703
7127
690
3802
501
6751
4514
1687
7967
9516
596
9141
2091
703
7536
8431
8482
3698
1531
4012
3748
2122
8564
6307
4818
4692
2464
7067
7070
9418
8535
8765
6140
98
5158
4499
2838
8891
4162
7023
1769
6503
8382
394
5372
2144
4454
2206
7050
5713
7178
4510
7448
7995
9921
7842
8015
753
6014
7712
6936
7076
7878
6259
4029
4852
6524
566
9636
1245
1373
3422
4422
4435
1487
811
3180
8831
2385
9538
1860
5456
6796
7212
6756
4852
577
6589
5537
9165
8163
4571
5044
4374
9042
1798
3105
3642
3287
9677
2691
8791
4761
9291
3905
8315
1834
3061
3489
1402
4145
6259
7166
4571
1746
467
7148
7985
901
3233
1772
3006
746
1622
1015
2866
9896
4725
9805
3776
9599
6500
5178
3196
3934
5805
3585
4493
8676
4503
6403
5073
4012
312
6978
3985
2364
9571
623
5713
2356
7973
1205
1390
2323
3947
7443
6934
8877
4790
8429
3238
1583
9659
7047
8387
3120
2110
5527
4534
4877
6823
5213
8786
3639
6875
1682
954
101
6453
2598
873
7944
300
5265
1219
3527
8435
1394
7411
2002
6589
4505
7792
7759
8118
1604
8232
3394
9028
8019
7161
1497
9178
7159
6411
2533
2086
4273
7753
3947
4020
113
666
4350
9414
2156
4964
9054
2475
8251
8060
3983
933
1087
9529
6935
9709
306
3142
5744
748
97
6996
837
9190
6551
3404
9239
3525
950
4781
714
6460
2940
6393
3232
3958
9199
8128
4927
1466
9162
1599
4366
4716
7653
4171
9533
6275
5446
4067
4961
1501
6428
857
8083
9181
8851
2713
7027
9326
7697
3922
2730
4358
2863
6856
6279
3952
7374
4324
5763
1732
5907
7691
5312
227
5207
6302
6156
1665
5560
717
9533
318
8963
456
8727
7145
1123
7257
9559
6536
4594
8667
672
9854
2389
153
2228
2648
9051
4616
3716
8850
3870
5528
7416
1255
2050
8015
6276
4000
3275
6859
8756
7513
546
1729
1330
1834
1872
3183
1433
9432
2787
9164
4770
2101
6690
349
8651
2937
2326
3632
3798
8558
1486
44
7947
5272
6063
9664
3064
8580
1079
1092
5425
1153
2171
7934
2923
1560
379
9231
6380
2241
5659
2556
4847
7184
4001
9816
7909
2689
8707
4162
4127
2154
4406
1474
2935
3987
6668
405
7746
4230
2683
1971
623
6195
1349
9213
4770
8568
4702
221
7985
1161
7832
2011
7465
3308
1337
9096
973
1137
5292
6199
1142
8837
9111
6487
7416
7793
312
3002
326
9242
6839
7547
8562
7616
9400
2840
5143
2476
1835
9822
224
5620
8665
5103
6220
3928
4138
8556
4146
6848
5672
4299
8325
2092
5264
7132
4626
8854
1394
7810
8172
830
9099
3324
6391
5722
5740
9551
7011
6268
8815
2211
7833
9561
9597
3176
41
6333
2509
2346
7417
6130
5944
3765
890
3596
1963
8652
1831
1770
9326
5189
1358
8173
1
910
7451
2506
6748
2247
8409
8944
158
2534
7038
3824
7688
8190
7039
1375
2189
7285
1576
1139
8256
4686
2201
1505
3270
4875
6317
2257
118
7491
3497
1355
1767
4023
1257
5917
8436
446
4849
5414
1889
5962
9468
4298
6861
4269
4201
9785
4740
8107
1837
4849
8776
9336
4290
8256
1770
8134
7795
1801
8905
411
7326
606
7103
4024
7467
6467
8766
8660
6949
7454
7948
627
5984
4205
6440
5519
4778
7402
6148
4959
1508
9766
9953
9959
8176
2221
8339
3242
4430
5058
6133
3076
2990
2123
8773
7706
4342
8190
9192
7308
2609
8567
5508
3587
3766
3065
8139
4514
5438
4787
3611
5774
6730
8830
7730
3826
5824
1175
3664
6659
3821
4941
7879
9364
7988
1787
144
2749
6556
8910
3514
3557
2770
290
3631
8453
205
4639
8879
7153
3058
7621
3196
8982
202
69
2553
889
4371
5781
9412
1331
3126
1676
7008
5117
7918
9137
6938
4702
787
9051
766
5463
3640
9368
7389
5390
7452
9101
645
8412
3008
2762
273
7167
1396
8196
2132
9118
6864
2641
5010
6045
5038
8082
720
130
6041
2721
772
7116
3002
5195
6985
359
2103
1972
4905
1198
9899
3274
8655
3104
1356
9801
6522
30
4208
9189
1405
3605
1522
7226
9065
81
6738
6885
8367
1402
6018
8844
5680
2048
8639
3390
2536
1071
3221
5236
6617
7832
5620
8541
51
3153
1870
3835
1869
6003
3529
9804
5353
3908
7507
9808
8188
4110
7638
1792
4059
5499
3309
341
1591
9357
4315
3724
3540
3925
5746
4333
6693
5457
2069
5393
3835
3107
5838
2907
7951
9694
4313
4624
7163
9471
3153
679
9741
2087
4171
5504
4426
4200
2933
9089
187
5537
4790
37
7235
6373
9730
4119
392
4616
346
7295
4596
398
9937
1086
6423
5649
823
687
4411
9383
734
5008
1402
1582
8225
8951
6872
1082
3021
9467
1591
6031
6947
5035
5136
5300
8111
8739
6625
7315
2545
6974
3631
7952
7007
3551
1376
9945
7760
6663
8582
8784
188
5883
9525
6926
3903
3159
7680
4607
3042
8950
216
5091
7111
1993
8549
4578
7459
309
5739
676
5188
9320
4216
3231
444
722
3114
5702
3294
2910
7549
3640
9831
620
1851
5920
1343
9398
109
8582
5362
3941
4689
4524
950
8236
3343
9552
1257
7137
6891
3014
822
978
6468
7243
5339
2970
6021
3966
6259
5360
6766
9662
6737
9488
6028
9749
1348
2511
1684
5973
2879
7918
1182
1089
4408
6080
5037
3604
7060
4730
2782
9894
8347
7587
510
4340
8261
5391
663
4058
4897
5455
6004
3275
9210
9757
2353
8566
7751
5062
4690
4663
5912
7576
3630
8844
9024
3841
6089
7724
1617
4423
7108
6972
3804
9742
1869
2204
4818
465
7224
5771
9177
7969
6420
4172
6464
5859
300
7348
5307
4515
3754
8637
7052
7602
4246
7353
1708
5256
7506
3757
5802
2704
4778
9490
981
2586
8989
7603
933
5359
9353
5743
6575
4258
8986
9656
3078
5204
3510
9144
6189
2548
5612
3353
7359
3819
730
8647
2472
8519
6162
7688
8050
439
2208
6758
4649
7350
2853
5010
3892
7967
2596
2786
8515
9968
4343
7209
1318
9845
6483
8327
5728
5716
5275
9351
8287
2204
485
1447
4821
456
3870
4203
3036
5198
2670
7584
1601
1159
4316
2132
8815
1881
9797
550
3451
2495
9451
8731
4557
2563
1993
1148
8514
4682
4829
31
4546
1701
413
264
3576
7338
6406
9044
3788
2905
7023
1959
1145
4877
4005
665
6391
9735
3901
2132
541
3301
1624
844
4859
3568
5695
1440
3237
2286
5980
1616
7534
7178
2810
2863
4994
580
734
3590
5874
9123
5975
7955
6289
3547
9412
4962
7080
1089
8768
3043
1257
6720
8515
2285
697
7689
5368
2201
2742
9029
5007
2588
3672
5358
917
3953
2104
9456
1857
7899
8268
7803
2733
3883
5532
977
2226
9367
3256
3252
9016
9904
3890
1919
4965
8893
1876
4825
9583
3112
6677
3159
499
4838
1894
3068
5969
6716
4535
8280
8927
157
1150
3691
4469
42
7265
2173
3854
3805
4997
6282
6210
1507
8742
7945
3112
8461
8205
9941
5813
8941
6441
4454
5288
7676
5706
6437
9250
1571
7483
9524
809
5896
636
1855
9100
8672
3564
3818
956
5620
7770
8530
5458
7750
1890
637
6819
7121
3935
3362
4279
7113
2418
6321
2263
6286
8325
1835
1082
5711
1120
9344
5129
3635
1701
6964
671
5922
5179
2376
5514
5433
7010
7229
1556
3997
4687
8660
8012
6413
3035
558
3212
9363
9643
909
9158
5582
87
2916
7450
5660
3491
1336
6923
7603
9755
4004
6727
8248
6850
9131
794
6263
6890
7202
7004
5061
8479
2595
1246
3740
8581
8421
7165
8230
9510
4132
9339
6504
9490
1829
7102
101
6202
3364
5360
1192
865
7114
2368
3329
982
3134
9436
8759
3959
745
8882
2651
3046
4852
8896
9888
5199
7892
6795
2044
3995
5492
4585
2679
4928
6699
1893
254
623
6830
3650
5676
4056
4110
4001
6508
6513
9987
9549
7819
3668
4863
5687
6941
6715
7996
9229
72
3382
4159
6221
6658
8749
2100
8523
9991
11
2028
8182
135
7938
437
4160
2950
7491
1922
255
8451
8406
1665
3448
2195
9658
138
120
6476
7262
2132
3910
4357
7524
2464
10
2769
8883
368
841
5990
6400
169
9245
6608
7831
698
4430
2729
3590
7983
1951
4522
4729
3041
4920
674
4592
7411
2512
3124
1431
6879
7140
2772
2667
7998
880
4330
225
2184
3406
7313
3981
4605
6275
1806
214
4846
7400
8135
3278
7914
9995
6766
7842
9213
2271
7357
661
496
5687
2154
3210
332
8199
6109
7670
731
6087
5444
4256
1716
1348
3393
5905
6351
1543
5000
1591
399
4623
6852
1177
4612
2841
5503
4048
3900
1690
1084
3125
7483
7088
6948
3652
9623
9627
117
3264
4376
5676
3132
4628
4216
8259
7227
4887
4513
2896
5699
9575
5682
2749
3426
1153
6125
3010
7454
2509
4045
7311
9156
1466
6606
520
8412
6874
8917
7208
9006
9248
5789
7895
3699
941
8439
799
1571
7615
2803
8113
6436
465
9960
7325
6403
9106
6895
93
9036
7531
1724
5275
8321
9343
2639
2711
1519
5216
402
3314
229
742
9017
4275
3145
7856
121
3835
2159
137
9827
5417
9262
3237
3912
3918
8157
6527
7170
9662
3877
70
1239
9693
5903
9767
5522
7786
1199
4039
4057
8264
6059
8960
9440
8940
693
5616
3817
9543
1342
5181
7584
5569
2884
1750
1509
3439
849
3388
494
1150
6492
8755
9331
6210
334
9045
9605
1693
805
9755
4259
4165
49
1261
5343
9319
2821
7140
2154
8961
9084
7369
4579
3655
284
2445
5598
15
7945
9944
3089
7867
5889
8109
6469
8508
4892
2157
2212
1853
3263
8378
1535
1010
5986
9344
1062
3896
379
9801
6097
2715
7976
9007
8828
3022
7151
3615
7293
4784
5259
1075
3905
7430
4655
8506
3308
2126
3753
766
323
6105
1083
9725
8649
9082
2773
9646
3377
9745
1950
7121
9509
2291
5387
2642
3026
9813
3481
5603
4921
1936
5755
3993
2870
2150
5419
6053
5156
4335
6698
6198
9319
341
9171
2440
8777
3839
5967
3899
8918
2819
2449
598
262
7196
8297
153
8206
297
3126
8255
8344
6187
1864
4067
2188
6077
1402
8710
4172
594
8308
5776
5437
4306
7636
6791
5443
5994
5540
2107
7651
4274
1160
6337
1073
1238
4328
1057
7152
6039
5532
6613
2147
2557
9814
3061
2206
3258
5317
6324
8879
4141
1217
4601
7375
666
723
9318
3211
7754
7515
7172
6501
3679
6252
5086
3519
4205
7887
7251
384
9461
7479
1227
1570
720
9225
8782
4386
2823
9174
8780
927
5410
111
339
7428
2748
3901
5112
3287
261
2435
3077
8792
7982
6107
2755
3296
1950
7091
3542
8091
9351
5371
8910
3565
2526
288
5314
9259
7257
5835
3886
2680
4595
9145
7349
697
6052
5464
6757
171
5596
4017
691
4050
5614
4705
2938
3296
7369
8786
1056
3160
3953
9467
1997
2995
3124
3515
7093
625
5364
958
7253
6968
194
4441
6042
7898
6568
2441
7631
5683
6027
6259
8067
2010
264
5513
3070
6682
6060
2281
2254
3752
7731
6918
1637
3782
7464
7561
4210
4575
5104
7534
8540
7959
6463
3191
8252
5245
6793
7587
7803
7227
210
4656
6085
7479
4571
8675
3323
6897
7010
9202
437
8661
6914
8799
7356
2097
9700
7801
4399
9343
4453
1504
9780
3076
280
7222
7262
3077
6324
4608
385
9320
4509
5823
8829
6180
1252
8336
4242
6986
9882
6004
643
3175
1483
1906
8999
4333
8028
2150
1105
6388
5807
6882
2268
5458
722
2044
7212
9326
19
4962
1113
4011
9433
4345
2134
5475
3954
6960
586
1511
4662
7445
9364
4986
4975
2196
4619
4733
3097
9044
3991
3321
998
8224
7983
7072
5766
9611
7875
8780
1035
4301
1744
8818
5911
5740
9230
5060
9163
3884
7918
8489
7925
1532
7050
6730
5197
8566
1854
338
8130
2094
3000
4724
8430
6546
4672
201
8997
8157
4334
9700
294
4318
9120
9555
3719
5906
9338
411
7652
2523
5365
6118
9331
9596
9185
9540
5249
6162
3181
1776
8667
4616
3080
4367
8653
6255
5571
6327
8505
3895
7152
1510
5466
4041
5500
8078
323
3587
2723
2576
7716
2125
1571
280
8848
5996
1414
1815
3257
8759
9961
9545
4549
4666
3611
5868
2306
9929
820
3318
2863
4772
8740
7577
3184
1769
5936
8012
9087
1933
5477
2629
7466
8501
9417
7682
7163
2112
3786
9282
9078
6475
983
7127
3259
6410
6368
6388
4778
5444
9064
5139
8706
3816
3541
4179
6020
5771
8159
5025
1140
7008
5837
1282
2507
3302
7255
5011
4175
5962
4619
6500
8862
973
1558
6558
5073
8138
5045
8051
5083
9531
1239
3336
3407
886
5409
1543
7099
8208
9740
2527
5513
6734
1200
9092
4784
8820
8117
3371
3826
6339
658
4971
6203
5149
561
8547
7618
8681
5460
8876
6372
8221
9633
9332
8796
6760
6056
788
2866
7366
1025
66
5983
9254
4555
5653
2472
987
3723
914
3726
5987
6946
811
7822
2227
4382
3080
1701
982
2819
4336
356
4294
4491
221
7110
2041
6018
5002
2907
8249
6345
8062
1651
498
8203
5787
188
3071
4438
3814
2872
5143
477
9525
8842
5491
5645
7428
5093
9917
777
1639
1138
7970
7783
7487
9451
8024
6249
5130
8843
5882
2304
3837
5236
4152
5105
5756
2238
8846
9130
9426
8564
1157
9337
2950
9325
4903
8022
1509
2362
1004
8058
5569
8047
4399
1693
2073
2090
316
7011
1940
6796
2225
2061
5719
2459
7739
1765
8818
7584
8878
4686
5498
5873
8628
6559
4963
1282
5319
1278
5238
8198
8729
3822
8724
3105
3709
3328
6400
5911
494
4486
9599
4157
7078
4238
6913
8303
7820
724
7421
142
1725
9156
9944
6437
6596
8846
5383
9508
9857
2162
6102
1048
9269
2953
1557
4679
4478
1828
5264
1190
8018
1438
3371
7928
6151
9127
893
2664
9963
6148
7995
1726
577
773
1522
9828
8723
7237
891
845
8653
2842
476
975
6275
3981
9679
1230
4551
7569
9402
7819
8669
5638
8373
8752
1895
1121
2647
3538
338
2179
9976
7855
9539
9704
5587
5106
936
4432
4693
1905
5218
1711
620
7205
1104
9021
4954
332
3124
9589
9684
6257
4571
913
2252
2343
392
7326
3941
2174
7534
9495
2688
9769
6974
2112
9639
1887
6972
1715
4379
5676
3820
7699
2445
1215
4927
2688
2667
9339
9025
6323
9436
836
3432
1754
9487
6501
9756
7720
4098
9520
5923
2148
4618
6802
1664
7671
4195
4359
8592
6410
5995
3493
8940
9906
7392
7871
8576
1698
2238
6916
368
9137
66
6162
9668
8262
5867
8357
7872
8222
2366
4651
640
146
6470
7195
6331
8474
7804
9787
9155
7799
204
4837
6149
359
8279
2642
7833
2878
7656
6554
4175
2020
8740
6386
943
1953
3607
2092
6367
2630
9921
5388
438
4082
9713
1019
7237
7229
6270
2854
4935
6141
3164
2943
3368
9894
8081
6487
6253
2338
9880
8790
6800
9232
8192
2524
2352
1042
7564
2358
1804
28
5298
4987
8166
3783
2023
2201
9501
6103
8598
6488
8178
3898
7098
3469
1774
971
1947
1843
3541
9917
39
1118
6833
3745
4308
6534
254
8153
1699
7048
4052
2554
4854
2003
6008
5133
6085
1484
7509
7497
4515
2762
3077
5323
4761
2947
4113
3780
7762
7299
2826
7525
3546
9707
1911
8639
1696
9615
979
149
5243
4656
8564
4464
7352
1962
2336
8610
365
4306
9782
166
1735
2660
1380
2361
5228
2796
226
7928
9454
2913
9010
1133
9532
2208
2275
765
5935
9831
8451
9641
4769
3593
9126
9409
9674
7479
1305
7030
6033
2954
1851
5187
1963
6685
8956
4746
1203
8830
8339
9921
6312
4891
4190
7818
9291
9623
406
2181
6815
385
5877
8272
1025
5626
4654
6930
1179
9629
5768
8107
8223
8313
449
3904
4809
8706
4525
5721
6506
4754
711
9183
1423
5398
9454
2891
7867
2179
5085
4967
2680
5670
9406
3701
1907
9762
5534
447
9094
1297
5394
2659
622
7441
8269
963
7399
3554
8704
9874
1467
9505
4388
189
8428
8316
9298
7888
8801
3677
4529
180
3307
7874
8556
7024
9450
8317
6340
7546
4445
8521
2495
2207
684
5367
3172
3216
1519
9463
5268
4898
3426
8915
684
1166
9368
5825
2547
5681
4355
5937
4007
3360
9168
1005
1298
3123
6350
2230
5269
8210
3607
3408
2633
9865
2388
1388
7232
9001
353
4001
2243
2524
9597
2366
3025
2160
1866
166
3910
521
9803
5002
363
6143
6572
6980
3173
3785
192
5686
7684
4099
2362
7050
3913
8461
1057
9243
40
5211
5602
7954
1656
174
6748
5698
6973
7715
1206
423
5144
8997
3353
3818
9058
9172
7934
1340
4760
9831
5832
9155
7302
4964
9913
9141
8990
3177
1508
477
5269
137
7290
4606
9183
9133
1239
7328
6334
1798
8611
994
7719
5778
5566
7722
8908
921
9847
6958
2122
1482
2695
795
4221
7054
2504
9329
6388
3792
3831
5748
9297
7765
3729
8141
5048
4609
7103
7497
801
8151
3580
5325
2963
9809
1310
1023
9735
5517
7608
1315
3063
6702
5006
5105
3210
7742
5007
8659
3534
546
7895
6059
5738
1660
3076
5193
74
3493
7386
4895
5286
4841
9551
946
2462
8047
2155
4150
6479
7655
3557
5078
3100
7273
1983
7343
4191
4942
7997
6210
7315
669
7844
387
5365
5474
6593
6208
1344
3053
6371
5993
155
5654
7862
8408
1312
8540
4988
4922
1059
6857
9859
4836
1737
8002
8057
225
2143
3452
7518
5696
4021
196
1520
88
9065
6765
3199
8391
9090
7420
6651
5450
8593
5116
6031
634
4240
7027
2760
2173
5753
148
3132
222
1573
8525
1079
5222
3565
9882
4064
8422
7938
9711
3342
6350
6824
8002
5421
9903
8207
9557
5790
1221
4686
2788
1961
9654
541
5323
7202
8175
583
1020
6660
5607
7239
6340
9536
4480
5781
8770
5618
4333
1831
5053
4886
1051
8861
5557
4934
8680
5240
3937
92
3679
1897
5080
3130
3556
8018
9333
1029
6301
7139
5745
2766
9133
5405
2046
40
902
4755
4793
5341
1205
7630
5339
4660
9691
3662
258
5752
8412
8812
2437
9345
5249
3059
7499
1478
217
6316
4060
3400
9391
6232
7699
1788
8162
859
5791
5904
1247
5776
5176
8211
4505
6178
9560
4856
8376
1777
2173
6810
6142
6740
3801
8532
9003
2848
2192
9252
474
9207
322
3092
3695
4695
4948
6631
2568
7200
290
6606
6056
3557
9109
7217
7009
9078
9261
8398
3460
4712
3464
4733
6791
5067
6843
3308
4567
306
685
4939
5443
7264
3629
6695
9854
1540
1900
338
8120
1
139
5976
9008
9556
6112
118
4642
4084
4941
8127
3467
2842
2582
4724
4494
3334
8253
2742
6058
2234
7047
966
5025
8275
8783
341
5866
3933
1012
554
6006
5059
8024
6673
8575
2838
1377
1949
6536
8414
2891
375
4159
7649
1235
5508
5295
8552
4681
5221
6611
1699
8166
2735
3059
793
6437
5957
6903
9751
166
6154
3775
8704
7910
3103
2191
1228
9187
1559
8816
6739
6829
8554
7515
4298
8249
6355
8686
9952
2491
3932
1481
4432
6915
3764
714
7385
7440
1536
970
5572
4079
3317
1528
1087
9886
3274
1686
3877
9955
8145
7781
5580
2755
8628
2114
1514
2002
2655
4635
979
5385
7775
9335
2338
2982
1074
3049
8261
4323
6062
6052
707
4995
9373
2808
6102
1119
9628
5644
1697
7589
8379
4641
7765
4215
5272
4446
2829
1809
3600
8424
9040
3573
7914
5748
1072
2887
5612
8743
7907
7335
7395
5285
4840
2954
3213
1313
731
5202
2766
2167
8054
7221
6285
4440
1559
4270
7693
7837
410
5358
1406
3521
6925
1608
701
5341
1650
638
6846
7124
7715
1278
672
107
9863
7461
2054
4300
9558
4860
9881
4016
9882
2939
4487
6557
3949
600
5277
3984
3613
7664
6182
786
3834
7283
4581
2574
6882
4997
3827
2188
5171
7025
7626
6417
5832
9185
9120
6881
6144
9873
6388
9501
4638
9088
4647
3435
6841
4550
1668
1874
5063
3634
148
4131
9561
9934
8215
8834
7365
9838
1739
1322
8032
836
1569
9938
4081
1744
9318
2010
6003
7435
2374
8511
5575
5132
5663
3545
5567
7371
7176
7483
4944
5007
3098
9337
8402
2646
1484
1772
6578
5543
3017
9032
83
582
3330
2969
3187
3429
308
8733
9621
9955
924
6283
5929
2550
4199
9305
454
4892
9234
8986
5066
1658
8464
465
1342
903
4229
4122
9093
1226
3979
6837
5267
6019
4349
4333
6400
2674
3452
376
3386
7266
9593
5212
2524
6903
1207
5844
5292
7596
2369
5374
6020
2381
6119
317
5004
9099
8701
5162
6051
2169
7405
2103
4254
9964
3055
8286
599
3453
3575
2828
8781
96
3482
9741
2759
2823
9121
3802
3214
3296
4780
7937
9355
803
556
5386
6128
2126
9098
7560
1054
4902
419
7451
5232
345
2667
1982
8943
1222
6013
6265
1966
9315
9695
3109
4307
3901
1812
362
4944
1979
7438
8048
3800
4156
1180
3262
6976
1400
8294
6096
4175
1778
9049
1383
9300
3822
2018
2092
2166
7532
9721
7182
3255
3396
5175
8352
7073
3304
6342
518
1046
4284
7932
9146
8600
7217
9210
7852
1233
1685
3058
3774
301
885
7978
588
5475
3725
8902
5920
2458
923
4832
614
6616
5863
400
6246
1697
2643
3370
2576
6836
9407
7463
1191
3909
4446
6874
8990
2493
3111
3576
2747
6662
3123
4147
8767
7329
8159
5277
6307
1255
5262
7307
4887
3300
974
2944
6388
1633
6631
6632
8855
9532
1665
9962
3639
6287
4721
3583
3528
7137
4052
7318
9430
9343
6785
19
6009
5436
2724
2192
7942
236
1408
2021
4772
8250
919
3741
5054
9702
6444
2531
7691
9226
8280
9594
8222
2787
1865
1231
528
3532
8239
7399
3363
4874
5311
2599
6410
4319
5292
3243
9095
6946
5802
3544
7950
4025
9688
6124
7211
3804
7352
158
8462
4108
4825
1269
7248
7235
9129
780
4327
6172
4368
9188
5545
9722
6079
323
7931
3265
3108
5207
6063
3141
4232
9475
4079
2857
7598
2615
5157
2202
384
9665
6839
1106
4571
9413
3460
8368
296
7621
5765
3167
2298
249
8285
6698
8602
989
520
6323
8248
6411
7065
311
3664
6112
552
5538
4407
2931
1911
7276
528
2495
2524
4835
8796
6092
2718
3539
6540
3759
8070
2441
5326
3795
6058
1668
3785
3432
824
4892
9658
3996
2747
4897
1511
4603
4402
6348
9190
5474
9361
2712
8330
4034
7682
7732
8193
2182
7275
4020
4795
7016
40
7147
7596
7625
8142
4444
4409
2658
7251
718
7604
7908
9023
4664
9575
3078
405
5788
7334
1746
5297
7013
5750
6013
2312
8664
7106
6889
5804
457
8044
3205
1669
661
1536
2022
2208
746
1779
2374
6031
9348
5927
1152
4108
4054
6022
5624
1237
3053
7236
8365
8427
8364
8409
1306
6063
54
3710
4955
8965
7322
4478
1173
4747
7312
7902
4391
8364
1548
8280
5069
7478
5383
1097
1272
2926
8176
3756
4594
4376
9515
4415
9625
3644
7118
2643
1102
5527
4711
9930
976
5832
7269
4551
7058
3846
4186
684
7040
7713
4615
1745
5355
3886
1600
8627
9954
5472
3295
260
5025
4384
8554
6150
1577
1181
5879
1477
2222
7840
2424
2524
7662
7841
1260
373
3457
8034
9854
3426
489
5336
4440
9743
5563
5973
3461
9340
9
9423
79
1281
3144
5380
3725
3862
243
6371
2694
7158
668
4235
5156
2042
1322
9858
5672
8014
9999
4087
2200
5055
2186
4079
3877
2127
2299
5434
8031
7131
6659
1337
9389
3762
7653
9134
9252
2767
6284
2878
1583
4451
9126
8007
3525
4190
7840
9563
9617
1012
3123
5329
5562
5790
5977
1835
5000
5092
6998
8410
150
9380
9482
8980
412
8611
1380
3692
9985
9178
1154
6067
3529
176
6331
3955
3234
953
1318
7190
4960
9673
7203
3075
8715
4391
2005
2350
2714
6412
5644
6991
8794
2915
7878
195
4990
6093
852
9735
1702
1701
1183
1533
3862
5959
6579
8669
7125
3381
8673
4698
773
6254
8046
8250
9101
884
1805
8686
9920
2024
425
884
8347
9627
9599
8022
4680
1231
2290
2399
7366
2916
4410
5471
9834
5037
174
213
7770
9554
6644
282
7315
1146
724
5796
9629
9440
7903
845
6375
4926
9095
9195
5766
2705
8566
3050
2851
5466
8710
5303
5567
6578
5541
8881
8924
2695
7546
3360
4267
9107
5905
4242
8779
915
8374
9331
6929
9705
891
2432
1777
2849
7079
3260
257
4333
5135
3455
3888
3102
8589
8252
10
7131
1294
5602
2408
7169
2449
2832
2680
753
4659
5220
5894
7400
9378
5039
5791
1067
2713
6975
8025
5268
618
3558
9039
9964
7010
6458
1322
9972
733
9816
4309
6016
766
7366
2680
2998
8507
8571
7542
2440
3787
6981
8521
4452
4146
5268
6562
7817
3885
7128
3245
243
5063
5263
4095
6226
7856
2584
7091
1272
5364
6361
5892
2295
5813
6317
5940
4970
3204
3740
2798
3527
5950
6587
5388
1184
8684
4512
8396
509
7696
301
8694
4335
4806
2820
9928
4837
8835
7821
5204
3131
9016
4518
6430
8993
9294
3654
1139
2955
4768
884
5207
9259
3662
276
1093
9472
5357
7353
6028
4329
4177
5104
5954
1202
8610
6790
2773
9843
6841
1746
8547
9655
5247
3485
7217
22
2076
2657
9693
305
5674
9481
159
5782
3602
289
6401
3772
1263
4520
419
4676
7698
8896
4388
2318
8235
7972
2295
58
3890
8453
6592
2425
1030
9192
4098
8513
9529
9657
2867
3015
4527
324
62
471
6815
9894
6886
2595
4472
2228
8510
4656
85
5830
9850
1938
4944
8393
9377
6752
5432
2660
8743
6015
8932
5363
1597
754
2044
2489
8381
1029
3783
8378
6106
3606
6394
2143
5193
8237
5796
4645
8964
9874
2416
9314
564
4524
9494
3842
7854
2403
4492
2022
8568
9808
1343
9844
7542
857
674
5920
4022
4727
6616
1649
513
5820
7606
364
7426
4412
346
4511
3499
1473
9084
7054
2322
3731
8577
8204
9263
9195
395
310
5748
4558
7256
172
2613
3274
8284
4507
1555
6246
5513
4724
8846
5932
314
3369
1197
6350
2134
602
9319
8573
418
5720
2404
7101
8354
65
8654
1354
5604
4129
4100
1581
6554
1220
8445
687
5646
7604
6957
4626
7001
298
594
2892
7095
1750
8266
9095
8454
3596
5221
6961
7226
2848
524
2407
1931
3816
2619
653
2496
798
5319
9207
367
6474
4049
3265
2931
6988
453
5879
7188
4930
6936
8966
7679
5438
4537
2156
6675
8325
1885
7119
3097
8769
1632
6286
8521
19
6124
4014
7453
8016
7122
5641
3860
2105
8702
686
4696
6366
5637
7099
3866
9991
9948
3168
5195
1433
5806
4545
1815
3858
4286
4134
3084
5105
8609
9448
239
6368
6423
2982
4624
7642
5411
9658
2606
5959
4394
9108
8682
2914
1603
204
4973
3118
228
9172
8705
8332
8615
8797
7882
8768
7894
6819
7952
5398
1974
5695
6619
9910
4930
1317
107
1205
5475
1250
589
8742
8779
8148
1334
7915
1716
8491
2608
1969
1226
1599
8669
5508
7767
2012
1331
5739
1726
9286
6706
1866
2810
8334
5364
2854
4301
2007
5481
165
8086
7107
2629
4432
9468
1537
3559
7148
1730
1675
3033
7396
5462
2361
5741
2772
7435
6159
3121
6953
3853
5153
5700
1502
4719
1038
3211
6888
8146
6452
1644
2010
7078
2539
2714
3729
4992
7019
6730
4127
3746
6992
836
5471
6415
8951
5919
5931
3691
6993
550
9033
3240
7797
5154
6912
6765
3867
3807
6728
9636
3303
815
1635
8720
3698
7264
2804
5189
8570
77
7600
6116
668
7438
7210
8426
3180
7525
3494
8757
8862
9744
4362
2341
4839
3970
2439
4671
5635
8324
1360
7297
5264
8221
1617
8569
8557
8541
1437
3371
7500
4701
119
6584
9820
3381
8220
6617
5686
7345
472
5844
3422
7034
9715
5094
9639
8206
9821
7242
1486
8928
3665
2718
161
8621
554
433
3909
8224
3728
4300
7698
6248
8161
838
9295
265
7085
6152
776
7369
