5270 7777 4439 5688 2865 4407 8303 4135 3188 780 1457 5791 4250 400 5656 4594 7570 4794 4252 1760 5843 1106 84 8253 5405 8532 5326 4113 5634 8345 7117 7121 6239 4514 6694 975 2311 1697 2491 2828 6989 6855 3044 4231 6054 1936 9683 5747 7187 925 8968 3188 4335 2859 6621 1731 1605 6269 6168 8345 5823 8121 9779 8909
9412 8612 7988 6855 6150 2025 1889 8746 6884 7859 252 84 6173 7966 7132 6581 2933 6748 1502 3828 5034 4945 2558 7042 6692 2993 8440 6492 9245 2107 4731 3721 2728 9477 2723 9745 8320 4664 3663 49 5931 1709 9132 7569 472 3506 4708 7282 1274 960 2316 654 9151 9735 4906 9160 7731 5541 9021 9448 8784 7965 4173 9103
1680 1102 3349 3695 7581 3941 6382 6023 7846 7779 6112 651 3316 4178 4797 7820 8205 291 2004 3413 9250 9106 9653 794 1625 4886 1104 6378 4078 3530 7726 6636 7524 147 9535 6492 5554 2017 9332 6316 8042 6290 2812 2350 5418 6304 8461 6929 7857 605 7551 4231 8324 1236 2114 8735 5948 9732 9785 7322 7668 2887 970 3072
9916 8155 1186 1531 4117 4022 7418 4136 6634 3356 7529 2979 7374 5589 3222 7086 2095 5038 1088 6908 3131 3653 6269 4026 6911 7239 4373 7208 9715 1340 5852 3076 8410 1693 9857 6258 3606 4239 9800 3844 2716 8018 1823 3778 3053 7974 5014 4425 8564 5573 9281 6357 665 7519 9636 4240 2440 9059 2698 7127 4034 1066 2789 5534
4900 3461 4153 6839 2624 1628 4602 2900 7183 4409 7466 4410 3375 6743 9898 980 3902 6749 3984 2614 5543 9310 6433 2071 9403 5124 9688 1366 1921 1053 7088 990 4402 4160 6553 3492 8439 32 6532 7183 3488 4022 4199 7086 8480 2438 3875 8272 8350 6838 7779 3772 6561 527 244 2517 5249 2593 4408 6141 7523 352 8645 5418
1725 1189 9517 9841 8780 6360 5229 7110 1894 9213 4790 3723 1129 6941 7706 4130 6788 2917 7166 2002 6595 4387 7345 2709 1677 4699 75 3906 7675 2081 707 1969 2460 1373 6534 6056 7876 5630 5545 9819 5539 708 7805 8312 8996 5942 8358 7745 1833 6836 1451 2514 9615 6134 3604 954 607 7156 3160 9727 6231 6814 8722 3769
6478 7484 8981 5640 6475 9712 9689 5871 7343 3048 8160 8305 686 2278 1294 9059 7917 2685 7880 6678 4274 5866 5091 6156 2907 9983 1157 9570 7510 9598 7170 2422 2036 5126 8805 3723 7019 4445 6936 8433 9566 9411 6103 5751 7202 120 815 4525 9781 5846 2947 3315 9736 5351 8365 2316 3412 7107 6390 2884 1590 200 4611 8082
7132 2815 9770 2287 2538 4934 2252 9959 655 7849 787 7115 5363 7104 3127 5273 134 9289 911 707 9312 3589 3278 9951 7571 9395 1051 6418 5670 9843 5591 2521 5850 8468 5181 593 1522 3737 6058 1813 2420 7038 7447 8886 7691 7195 4972 8828 9128 9861 615 6905 9217 1566 9565 8773 4456 7768 743 7594 9321 7731 8305 3124
6246 957 5200 2048 7233 7728 3525 7417 8210 8969 5901 6804 270 8723 5934 920 7081 7600 6793 5534 1780 946 9646 834 5004 3101 9177 8404 7470 3929 8537 2386 2328 4672 8922 1918 5333 9974 2047 2251 62 4600 4275 6299 8682 5216 226 7561 7269 7548 842 9302 9896 4773 6277 8787 4802 8485 1751 2528 2976 1586 6882 7120
4659 8349 3594 9717 8218 5540 7642 2463 3807 5357 7961 4783 630 4882 5506 5510 3406 2163 4369 6260 6293 2306 433 5415 4866 5470 6024 888 95 4996 9965 9929 1435 808 2858 3564 4908 3928 863 3355 703 5355 6197 5577 9145 9743 357 58 1215 5025 3171 6730 4686 8623 7718 3415 4497 8285 8633 3438 1551 9450 8030 7271
7072 7291 8797 1942 2289 3684 3692 7996 3115 6046 7666 1453 8587 1068 1528 7047 4505 3566 1545 6912 9425 5348 9666 3516 4303 383 7214 642 268 5593 8620 2732 664 9380 1172 9260 2545 3201 5108 8518 485 1451 9100 1715 6370 6602 2571 2874 872 2988 6469 6572 4450 2998 9824 2675 9386 6845 3516 3522 5568 5644 3271 384
3222 3455 2586 9931 3352 4794 7128 5212 6430 6352 2515 2133 8771 7294 3716 6123 3876 3167 6533 517 2488 2150 1712 9097 2783 240 9825 2990 5950 7878 8583 6505 8131 9186 5975 6957 1702 5931 8046 9907 6380 3356 3422 6516 4354 9535 3781 3574 7838 5395 8144 3785 8071 1768 4915 7376 9126 5626 3056 9723 168 2437 7352 2106
2531 5035 3884 8001 5435 6636 6577 793 3528 2932 2388 2220 386 3927 7558 2817 6738 3746 5336 2353 1899 5945 4237 7507 3439 7438 1083 8409 4107 2489 7384 4800 7283 1817 4763 1920 5946 54 7176 8841 1194 2642 544 430 2827 6841 6417 6215 8201 9190 7342 295 8830 6030 6209 7477 115 8145 6926 3706 9412 6705 8193 3949
3606 7521 7108 4080 9144 4357 28 8026 4523 8052 5281 6020 8847 3686 4038 7877 6568 240 8037 5071 4808 9343 8938 520 6678 7852 7856 9632 4250 576 3335 2093 7506 5810 2923 2896 7102 7994 1010 7721 7587 2172 6362 7973 5876 1997 2180 2613 5191 3634 6048 7490 9038 5430 6589 4125 4508 4484 4609 1165 3217 2153 6382 1984
1829 9655 1925 8358 1582 2136 6722 9282 9026 344 1174 4588 2864 6181 1886 1639 4177 2080 9140 9669 4656 2697 389 1441 385 8861 7016 7030 8031 6303 6189 4616 9724 451 9872 9005 5124 4049 8118 3417 7478 7362 1943 7786 386 5241 2930 6611 5565 6669 6712 7874 2969 4350 6489 2548 6590 1318 9892 112 3317 2172 8649 3757
3714 460 78 1162 390 5335 2330 8333 4991 5997 4562 420 2051 5741 596 5923 6014 5645 4062 3347 6474 3948 6554 7114 5089 266 4587 5430 4104 2615 8126 45 3779 3905 1773 7567 8259 2907 3852 5574 7925 1443 2688 439 9737 8182 1317 6634 4478 3845 2285 743 1539 2751 278 2990 7451 902 6513 9535 9064 8960 5272 5737
5376 3907 7315 5510 4155 197 9209 2147 2203 9039 7035 799 8010 7817 2678 3236 736 9424 5368 4544 3883 6048 9356 6597 8006 8161 2472 3625 7892 9311 7116 2123 172 3837 8145 4271 430 8777 9060 387 7993 3303 877 8971 8885 5851 7579 1271 4149 6692 3570 278 2133 1227 839 4289 5194 3478 3357 5909 1500 5222 4130 5741
8551 9553 2794 9252 9451 6717 3774 7325 2811 6192 6307 5224 6617 5726 4789 3843 3238 5759 7127 1197 7205 9299 8478 8369 7130 7755 4661 2162 5373 8077 831 3815 4568 4311 7749 8220 7532 7498 9390 7191 3551 7613 8889 198 4279 9213 6542 6672 8741 2392 1596 8469 2560 5608 5923 4076 3717 9403 8145 2896 1507 3806 472 5623
2524 812 2497 1296 9579 4186 881 7471 661 663 6296 9350 3412 9815 7741 3478 3410 9847 9633 5327 3267 1954 7971 1889 209 6494 9348 5037 5184 7379 147 4172 1845 880 4273 8945 8855 9983 8906 8965 9093 6413 6934 188 2090 9710 533 5191 6835 2423 8792 1664 1876 8280 8147 7128 7205 5558 2693 1996 8463 9080 1897 1363
5965 4120 2306 3597 7278 6592 5415 5386 5471 4440 6016 4799 8438 5586 5564 6591 8678 4246 1743 2006 35 4972 6021 7870 4465 9763 8275 8192 4273 491 3465 1097 8763 4036 1756 3932 1344 2034 1108 8950 2784 9922 8320 350 3706 6110 1709 5469 2480 6359 6361 1408 3841 639 7279 538 3022 3073 8542 1157 8400 8766 1171 2725
2657 5477 7596 6304 2686 1076 4635 6982 1252 9181 4492 9163 6464 7836 3895 5646 1951 4662 725 945 7483 313 6224 9518 2262 841 8486 6954 4504 9159 3012 1612 5962 3588 7889 5877 676 3940 4027 5848 8053 2969 7102 8579 123 1541 939 3439 6439 9941 7254 9450 5946 8510 2912 4708 3083 1235 1100 6615 988 4096 6000 79
4742 7247 1261 5933 4421 9498 3908 888 1234 6561 7880 8246 1645 7497 4743 4374 8823 9207 6915 6049 4606 5018 4285 798 3160 9069 3624 943 3351 2122 6288 6208 9549 5524 2100 9009 7368 438 8771 8428 8368 9781 8250 2727 8621 2153 8943 6707 1495 4505 4538 8632 4294 9253 1849 1067 8312 4176 817 7204 8673 8905 4374 5680
2814 9600 1753 1071 9625 79 3373 6572 2740 8201 6670 5513 7533 5689 6591 4089 2374 6555 868 9896 6544 8959 4827 6713 3196 7285 3195 2972 975 2878 9863 9552 8005 5163 6542 7094 1602 6800 1491 5919 5070 8891 2735 6799 8091 1419 1634 2024 2842 5949 9880 2489 3365 8622 7575 6069 6230 4587 7180 9765 7217 4485 3388 9332
1075 3597 6056 2220 705 5233 9200 3168 6385 4203 8687 3283 3716 2251 7556 5611 2125 1652 3949 213 548 7786 3037 548 8268 9718 5627 2252 1267 2101 6165 7079 899 7643 5038 2520 3032 9562 9067 9787 4022 8589 1516 7211 937 6489 2761 8519 7613 6358 1794 3563 9003 3696 4943 9078 5336 244 9128 2429 3896 6773 3922 1089
8418 5779 8750 9365 5133 6260 5473 2777 1771 9236 4267 2511 8973 8413 1013 2687 7942 4700 1735 4737 9383 2545 1455 3873 5999 3410 3099 319 7315 8006 4033 2129 4769 408 1085 3546 846 2671 7255 3101 9044 9068 3216 5612 9756 9700 2931 85 115 1123 4678 143 6369 8331 1737 49 611 5199 8410 4144 8688 3842 7640 386
6671 6701 8796 2699 8073 4152 1614 2171 9472 133 5184 1970 100 197 2445 3391 4903 2657 8563 9786 1647 2359 5072 6068 7979 9047 4901 5351 2401 6786 4265 3339 8988 5212 3328 2960 3994 9059 9310 3701 5612 994 5436 8371 4747 4726 8129 4312 9680 5091 9165 3057 5740 2066 8940 4361 2644 754 4573 2385 6429 4061 1016 7029
9945 8176 4691 254 3505 6975 1698 5177 7685 2610 5612 6795 5706 3676 5851 7782 8800 9557 4315 2348 2972 7628 3748 6143 8553 9732 3519 608 5240 4766 9990 8523 9435 9607 4700 1374 7654 1711 8579 5756 9607 1113 99 8440 5831 9139 3865 5369 1433 9636 5374 4514 6297 5040 9761 1417 8118 1522 3792 3849 973 9639 8038 2143
6029 513 2751 8214 2795 6614 2832 2889 8929 5575 9122 9180 6344 6377 7386 3257 2240 1491 8482 2326 5773 9253 9552 8470 980 4410 448 1078 1710 1074 3915 6394 7017 712 9986 4301 6604 4981 1600 8120 6279 1271 8583 5987 9232 2172 9493 9242 4057 5630 191 1225 1529 5011 7047 7196 9034 9617 5258 8687 5829 9267 6766 716
4718 686 1334 3867 9714 227 7118 8456 420 2154 12 5187 4232 2064 6405 5445 9473 9344 6058 1272 4967 2102 8231 5657 4124 6163 1429 5337 1669 2561 2338 9705 3942 1377 3259 1287 8605 629 9509 6784 2642 8795 468 5196 3364 9077 9497 1481 2217 8758 9514 551 0 206 1866 8859 7925 2260 9376 3972 9769 178 4545 5974
6309 1343 479 4947 4048 7932 3060 1294 3129 8679 4478 8099 3348 3708 7883 3708 7629 6246 3996 4193 109 213 9427 8379 1458 6325 1394 336 7053 9917 5686 846 3224 2859 176 3707 6336 8804 3620 7226 7063 9143 627 1516 8612 285 8040 4126 5520 8054 8225 5365 2714 7744 2513 9221 6505 6986 4602 2573 9572 4684 7207 4671
3414 248 2559 658 689 2716 9568 3190 8271 1481 8453 8171 9246 422 7397 2389 5804 753 3464 7343 694 7875 9271 9174 9648 2643 244 7477 786 9005 1247 3529 9719 1026 1266 6785 9675 1014 7719 284 6228 9890 3525 2795 8557 1128 8639 1157 2341 516 5344 9280 7753 986 214 7245 1633 9521 1858 7246 2614 8494 5764 6207
553 5260 4234 616 7208 9557 5921 5900 2170 8964 7302 3342 3700 8062 143 3098 8832 4516 8646 814 7355 9037 4729 4688 5253 7627 6722 5037 5597 6798 7260 8516 1520 6398 2202 9951 8779 7431 4724 8667 5859 6211 5848 2116 2598 2992 339 6888 6711 4804 2430 5606 4047 1212 6811 1657 8655 9769 8365 503 7969 2510 6586 6153
6429 9471 476 5627 585 1222 9329 8313 3403 768 6242 2517 9607 4118 8888 7907 5493 9341 9297 6378 1123 4591 4391 6535 1754 999 8517 762 8349 6017 3852 841 8949 121 4409 5908 8610 8618 8807 9086 4101 7520 1181 3904 3643 7194 2347 1505 4416 7329 820 3838 309 2472 1383 2418 2017 7108 9591 7417 9662 726 8407 8914
5732 4582 5819 945 5431 9932 3122 5584 1653 5225 8497 8525 2996 2056 6600 2328 8769 7959 1804 5196 705 3138 1902 3733 6066 1181 5635 4881 3158 8363 3233 7325 5752 5561 240 2218 2534 7368 3763 4839 6041 2392 7857 2356 5181 561 1740 5634 7099 6457 2576 8405 8967 3889 2573 5251 6116 1776 7973 3997 3253 9767 6568 5115
9365 2197 186 3112 172 6894 4399 865 6813 3587 572 921 5060 1583 9471 4250 3512 8524 3010 5241 792 5816 9338 6883 968 5245 8520 6746 1979 7023 8213 6504 2990 5674 6377 8579 7268 3501 9 1895 2946 2676 7438 9675 9174 5423 4447 408 2021 2967 3778 7940 1969 3361 410 8867 2923 8645 920 8090 9925 7804 2467 9464
7174 4195 656 1009 840 2344 8924 8616 9212 6600 1938 1103 1349 1614 1444 7018 3185 567 8512 8232 8133 2153 8785 8992 5048 906 5708 9357 4486 2286 5049 6628 2942 6649 8399 3727 7233 2089 3360 2977 8188 3461 9040 7076 2138 4821 3136 7049 2349 5559 131 6768 3381 707 8051 2841 4773 7397 115 7291 3994 6055 1145 605
3697 3495 9806 8647 5008 9812 3111 1514 7419 430 5658 8971 1681 6499 2239 2606 7468 1352 887 5840 1332 4426 2847 6967 9937 3249 4763 4117 8761 692 7604 5647 3290 1218 9513 8779 1613 6369 5925 8864 7627 547 33 865 1209 9339 6022 272 4616 8521 4372 2681 9032 4276 26 5293 3017 731 3637 3590 3321 4850 6563 9815
5072 5002 122 4673 3527 1020 3124 9942 5752 2216 3790 4136 174 4842 2216 2525 3743 6423 6754 2760 5830 1820 9264 2264 3413 8515 1547 3658 3577 8332 8734 209 9880 9278 9398 2110 7590 6068 8221 254 8700 5333 1903 4801 8450 634 454 632 7505 4603 8793 7382 8649 9915 2461 634 7950 5576 8361 2417 6078 6832 4948 3845
3328 4081 3285 8176 3190 2777 3391 3598 3849 7455 4579 6446 238 768 7992 5491 7269 4944 7815 5498 3164 1639 7260 6681 5023 7969 5937 641 4518 6945 2611 8222 657 6381 2590 7632 5646 8280 7787 2121 960 9875 7046 6233 1590 4474 9353 3380 5945 6812 357 33 4668 7551 1833 9081 2362 6635 5191 5929 8771 5774 115 6368
1704 7287 490 2089 9362 613 2810 8838 217 6068 7628 8080 7580 882 1287 1526 401 3981 3960 629 322 379 6955 9293 9058 5835 309 1849 4044 6219 6038 8987 4695 934 969 6840 2687 7614 538 7403 8369 1403 4831 5166 6400 5989 2549 1012 4496 211 9150 2788 3693 5396 4802 1331 4126 3305 7061 7617 3608 5655 783 7294
4734 2939 8028 2730 7772 8048 5395 3664 2787 3332 3377 274 7582 9173 3648 5167 3224 1567 1869 2290 5111 6293 9127 5543 3842 6893 8261 6810 9175 2952 4235 262 1563 4173 508 8196 4704 9861 2422 8020 4319 4097 7311 1085 945 6594 6505 6635 5801 7852 1018 4920 4429 5942 5139 9907 1568 4841 7577 9399 9387 6515 8376 7358
4456 8878 4078 7484 6588 7418 4022 7958 9870 9 1674 7843 7117 7903 6863 7220 8906 2964 3431 1973 3259 1695 7583 4215 7851 1435 8717 6379 753 9492 91 1662 5140 7352 2934 3639 6796 2818 9894 2818 2025 1307 8281 6840 9025 128 6843 7112 897 7947 4662 2331 6508 6238 521 8039 2141 1038 3104 485 8671 5731 4615 4427
1122 131 441 3749 5998 5166 1324 8425 2276 6172 2779 3350 2249 370 6105 2999 8412 6327 5796 5917 6372 9627 7082 7994 1062 984 9264 4645 4630 3544 2358 2089 2896 4411 8222 3643 7042 443 3308 2687 893 902 1712 3878 8384 393 7537 7340 6412 5947 2827 1136 7770 5313 7573 1667 5027 3830 2871 2636 3889 3755 2383 8700
246 5883 8851 2075 4315 3241 7298 34 9474 6166 2820 136 1136 9893 2382 4050 2047 5094 6276 3346 7757 4247 9424 6216 989 6614 7567 5460 5970 1837 3336 6232 1114 5883 3302 9383 5751 80 8350 9414 8326 5107 4484 3517 8559 8153 1970 9078 3224 5592 8220 8256 7217 4996 1186 1974 5883 9948 3971 506 9298 7760 7110 5525
5290 6136 6492 7206 3635 739 4331 9883 217 7142 8202 6957 5864 713 4606 148 2870 4688 2435 5070 4820 1033 1667 6267 184 5594 4935 9588 888 8413 9708 5450 4657 8708 1598 3271 4534 5288 4364 649 5433 4858 6936 653 2717 9860 5580 5937 4038 3705 848 4126 7733 8180 1227 741 8763 5556 7695 6167 9256 3661 4561 5039
5924 9338 4685 4244 3991 4381 2232 3503 5544 9160 2491 1454 1110 5675 2802 1208 2028 4278 9627 8846 8464 3753 7703 5356 658 8709 2770 8145 1840 9428 9895 8458 9433 4854 3887 2015 3297 716 665 8988 7076 2964 6846 2551 6462 9518 1228 1893 9571 7066 3645 4269 970 6750 8940 8584 5524 2236 5819 9607 4041 1602 5387 160
3154 4947 6969 7986 1624 6038 7508 1117 1262 9088 6779 3031 1014 2466 1942 5232 8427 7660 5589 6710 1153 4562 6801 9398 9738 2677 9707 742 5156 5911 881 269 5260 5610 9211 448 1749 5143 3961 115 2004 7990 3920 2292 7659 1118 3157 2743 7537 2969 1171 273 8793 6690 1837 6429 608 9620 156 87 986 4872 9746 2843
308 7991 9948 2970 9679 6176 9943 6971 7105 3722 3409 5343 6756 6463 5267 1509 8951 4502 8904 8623 7256 251 2560 473 9789 3217 6056 1603 875 1206 701 1155 2877 3766 3795 4778 7837 8545 6884 7285 4366 1535 7887 8539 7426 4099 7033 5748 8438 5115 3867 2627 5726 314 1552 4369 3057 4565 266 5969 3087 8674 4578 1871
930 6267 1123 6172 9838 3469 2565 5631 7542 5202 7079 1748 3563 802 4985 3358 9854 7520 1159 4426 4970 4021 295 468 9509 7226 5387 986 2575 7907 8475 4424 6075 9011 9742 4767 6189 1916 953 5230 3735 1135 35 5650 9805 1195 223 3160 8683 8028 7406 7657 9937 5025 3107 442 8397 4746 3005 8001 8869 7964 6828 3957
1433 1247 584 758 1342 8015 6486 2477 6600 193 3625 12 3275 5917 6988 7699 5257 443 1196 1939 7893 6433 8421 2328 4243 2610 4027 1044 1262 7680 6622 3048 411 1012 7230 5013 8597 2831 479 6423 1919 5390 14 5999 2112 3238 6847 7383 1025 9410 5469 7522 331 951 1964 9755 8417 2440 6937 3142 2260 2801 6531 8064
9769 3506 523 2173 2175 2162 1430 3628 3018 949 3690 2049 4293 1752 8826 1640 9738 700 2752 236 2128 4721 9690 1842 1210 5421 9040 8362 8296 8518 3662 7469 511 978 8815 8620 7049 5348 3125 2509 9264 2643 4816 5605 4659 9011 362 6876 797 8094 3206 5515 5859 7644 2537 6341 3825 9432 3660 2468 7129 3668 3029 3919
9169 4980 8296 873 4960 2630 5338 6708 4514 5666 5588 1670 1688 8045 7358 5599 4873 5757 4232 7843 3373 7597 2143 247 8011 2321 4329 1964 5050 6716 9810 8899 5007 1669 8654 3872 4065 8535 2899 1308 5560 1301 4245 5447 3835 6966 8965 9048 4202 4216 9515 9692 7985 1225 1595 2419 3574 5265 3776 2204 4595 4647 2583 4951
4347 6711 23 8502 5790 9524 4135 1757 5126 1578 3851 2108 6884 4007 1443 4748 6634 1677 4622 2186 1227 3213 7570 2742 2313 6076 8325 4478 457 2047 5644 2838 4224 5171 221 7470 4917 5083 9494 3993 1832 2756 3393 4446 5508 3815 2389 6828 5799 3886 6291 4661 8719 9886 3397 7596 1033 267 3496 5537 3779 4532 9603 3754
9263 4110 7761 5133 1697 8809 6381 712 4828 6496 9475 6505 2538 493 204 5258 4049 745 8645 9572 1 6471 5105 5320 4921 3137 9395 5874 8776 1435 2372 7102 7631 5523 3058 1393 2627 4987 867 9735 8449 2142 3176 7164 8499 438 938 8323 3055 839 9199 8125 7169 830 3210 6718 6901 3793 879 6089 2974 6915 3456 9501
7142 4292 5639 9126 8730 4773 9731 6108 6764 3456 1050 7999 5161 7498 4834 6604 5090 9727 3870 2919 2211 3489 5903 2199 7629 9684 8277 3530 5671 3260 1817 3549 6424 67 9242 8659 6125 3871 9700 7197 5753 9835 8541 242 899 5607 2306 6578 4142 3624 7505 5252 263 8791 5943 4770 8668 7581 1559 7470 3200 4631 8651 2431
2071 9632 354 4062 4474 7891 5140 2494 792 1177 2235 6907 3630 4643 6709 26 6523 8622 4407 3980 3767 207 5728 2088 2209 3027 3986 9203 1429 3674 4407 1478 7988 5351 4036 4291 4907 3036 5750 4188 1872 5875 284 9994 5370 8395 3206 9382 3848 5689 6810 1269 956 7794 6612 6585 45 7205 2062 6303 9462 4737 2609 9938
2205 7184 8765 6584 309 8545 6636 809 1000 9492 7605 825 3895 7327 4747 7320 6379 3172 7254 2241 1013 4326 8623 9570 3184 9972 1847 6560 4036 497 2633 7341 6621 9096 8154 416 2426 6049 3448 5424 3973 7959 8161 718 5541 7518 1112 1349 2861 1529 3775 5037 4233 257 3028 7075 7622 5156 4480 4856 9104 2125 2258 6169
3747 9650 6921 3151 9741 8633 5105 7249 3000 6721 1733 294 8655 4755 4726 8846 8366 4443 7526 7463 3489 6748 4696 4335 3812 8234 5244 1707 5011 5358 4320 539 5157 7083 983 1956 4696 4314 9896 345 6554 5144 675 2552 4367 8487 1376 2687 7108 8865 2310 6938 5768 3408 3838 6122 7051 6908 6273 2816 372 2265 3614 5189
9580 6136 6034 7689 1995 4087 5793 975 6516 6694 766 2178 7552 1499 4373 9712 1116 3889 7520 9571 671 2372 4108 5789 6511 5517 7366 3799 9580 4989 4566 5653 6668 2799 4061 9636 5575 2768 3667 8356 4531 9261 1456 2290 2175 385 1706 7633 9622 245 8425 5920 6830 6428 2932 5313 4539 7431 5403 9349 1509 4239 8207 5742
3227 7068 6835 1296 2609 4004 6142 6138 5602 5339 4393 5021 3973 1895 2888 7155 6090 1589 2451 2291 4708 9767 9166 7494 5194 2328 3644 7955 1144 2621 9251 7545 9288 3457 4827 9567 7594 4562 4750 3948 1994 9163 1445 5411 9327 6130 9085 1059 6771 386 3370 6698 7280 647 2968 5089 5249 4138 7957 4787 3936 9075 6014 439
9144 4636 7082 8972 5058 7737 4247 4915 9628 2082 1890 6604 7794 5368 6983 3884 6501 8266 8800 4826 7039 5089 8063 5371 224 9476 768 3486 8156 2749 8907 3179 6020 2892 6522 1026 7277 6066 13 908 9266 533 2745 8487 6120 760 5916 7201 713 7483 5966 6656 8471 9286 9049 9529 469 6441 5587 2038 6163 507 7370 1111
8232 3072 5865 1230 6866 6532 2877 2706 3833 5843 4125 4793 8124 9977 9253 3996 5181 4829 9402 2260 2066 5214 1146 3411 7727 2372 3746 5080 7989 7008 9016 63 9013 7315 7510 1309 9618 7428 2113 534 6108 5012 1345 5743 5013 7848 8606 4547 6848 13 4347 3099 8179 2423 603 4707 9262 5982 4356 3995 4660 389 1734 2318
276 6230 6329 1125 2520 1376 5564 2993 6342 947 8278 7281 5261 1848 8988 2578 2462 7692 9088 4745 2343 3675 81 5364 8443 9369 3143 7966 4633 7283 7768 5202 9856 154 209 35 9651 5188 8492 7308 678 8313 9883 1821 5722 22 1448 3932 1418 2940 6942 8727 898 7551 1519 3680 128 8629 7624 2241 4250 1919 6307 1542
4315 1365 2043 7326 6632 2738 6064 2809 7331 9131 7223 4075 1304 1782 5900 6996 6705 2594 9726 5039 9560 7091 366 7093 5008 9554 2291 5742 2352 2103 4258 2112 7611 6910 7700 5884 6928 6326 5503 63 6445 4775 7559 9204 7174 5800 8409 8126 2743 6203 6966 448 9834 3081 9620 9004 7255 9675 3 6022 9665 3472 1193 6270
